Campo	3	3.5	4	4.5	5	5.5	6	6.5	7	7.5	8	8.5	9	9.5	10	10.5	11	11.5	12	12.5	13	13.5	14	14.5	15	15.5	16	16.5	17	17.5	18	18.5	19	19.5	20	20.5	21	21.5	22	22.5	23	23.5	24	24.5	25	25.5	26	26.5	27	27.5	28	28.5	29	29.5	30
Sc	0.9070	0.9170	0.9270	0.9360	0.9450	0.9545	0.9640	0.9690	0.9740	0.9790	0.9840	0.9880	0.9920	0.9960	1.0000	1.0025	1.0050	1.0080	1.0110	1.0125	1.0140	1.0165	1.0190	1.0210	1.0230	1.0250	1.0270	1.0285	1.0300	1.0320	1.0340	1.0350	1.0360	1.0380	1.0400	1.0410	1.0420	1.0435	1.0450	1.0460	1.0470	1.0480	1.0490	1.0495	1.0500	1.0515	1.0530	1.0540	1.0550	1.0560	1.0570	1.0580	1.0590	1.0605	1.0620
Sp	0.9800	0.9820	0.9840	0.9860	0.9880	0.9890	0.9900	0.9915	0.9930	0.9940	0.9950	0.9965	0.9980	0.9990	1.0000	1.0010	1.0020	1.0030	1.0040	1.0055	1.0070	1.0080	1.0090	1.0100	1.0110	1.0115	1.0120	1.0125	1.0130	1.0135	1.0140	1.0145	1.0150	1.0155	1.0160	1.0165	1.0170	1.0170	1.0170	1.0175	1.0180	1.0185	1.0190	1.0195	1.0200	1.0200	1.0200	1.0205	1.0210	1.0215	1.0220	1.0225	1.0230	1.0230	1.0230
Prof.																																																							
0.0	0.1460	0.1540	0.1620	0.1700	0.1780	0.1915	0.2050	0.2130	0.2210	0.2285	0.2360	0.2425	0.2490	0.2555	0.2620	0.2685	0.2750	0.2810	0.2870	0.2945	0.3020	0.3100	0.3180	0.3255	0.3330	0.3385	0.3440	0.3495	0.3550	0.3605	0.3660	0.3715	0.3770	0.3825	0.3880	0.3929	0.3978	0.4027	0.4076	0.4125	0.4174	0.4223	0.4272	0.4321	0.4370	0.4411	0.4452	0.4493	0.4534	0.4575	0.4616	0.4657	0.4698	0.4739	0.4780
0.5	0.4875	0.4916	0.4958	0.4999	0.5040	0.5118	0.5195	0.5248	0.5300	0.5350	0.5400	0.5445	0.5490	0.5535	0.5580	0.5630	0.5680	0.5728	0.5775	0.5823	0.5870	0.5923	0.5975	0.6023	0.6070	0.6108	0.6145	0.6180	0.6215	0.6253	0.6290	0.6325	0.6360	0.6398	0.6435	0.6465	0.6494	0.6524	0.6553	0.6583	0.6612	0.6642	0.6671	0.6701	0.6730	0.6756	0.6781	0.6807	0.6832	0.6858	0.6883	0.6909	0.6934	0.6960	0.6985
1.0	0.8290	0.8293	0.8295	0.8298	0.8300	0.8320	0.8340	0.8365	0.8390	0.8415	0.8440	0.8465	0.8490	0.8515	0.8540	0.8575	0.8610	0.8645	0.8680	0.8700	0.8720	0.8745	0.8770	0.8790	0.8810	0.8830	0.8850	0.8865	0.8880	0.8900	0.8920	0.8935	0.8950	0.8970	0.8990	0.9000	0.9010	0.9020	0.9030	0.9040	0.9050	0.9060	0.9070	0.9080	0.9090	0.9100	0.9110	0.9120	0.9130	0.9140	0.9150	0.9160	0.9170	0.9180	0.9190
1.5	0.9380	0.9378	0.9375	0.9373	0.9370	0.9375	0.9380	0.9395	0.9410	0.9420	0.9430	0.9445	0.9460	0.9470	0.9480	0.9500	0.9520	0.9540	0.9560	0.9565	0.9570	0.9580	0.9590	0.9595	0.9600	0.9605	0.9610	0.9620	0.9630	0.9635	0.9640	0.9650	0.9660	0.9665	0.9670	0.9674	0.9678	0.9682	0.9686	0.9690	0.9694	0.9698	0.9702	0.9706	0.9710	0.9713	0.9716	0.9719	0.9722	0.9725	0.9728	0.9731	0.9734	0.9737	0.9740
2.0	0.9870	0.9868	0.9865	0.9863	0.9860	0.9865	0.9870	0.9875	0.9880	0.9880	0.9880	0.9885	0.9890	0.9890	0.9890	0.9900	0.9910	0.9915	0.9920	0.9920	0.9920	0.9925	0.9930	0.9930	0.9930	0.9930	0.9930	0.9930	0.9930	0.9935	0.9940	0.9940	0.9940	0.9940	0.9940	0.9940	0.9940	0.9940	0.9940	0.9940	0.9940	0.9940	0.9940	0.9940	0.9940	0.9942	0.9944	0.9946	0.9948	0.9950	0.9952	0.9954	0.9956	0.9958	0.9960
2.3	1.0000	1.0000	1.0000	1.0000	1.0000	1.0000	1.0000	1.0000	1.0000	1.0000	1.0000	1.0000	1.0000	1.0000	1.0000	1.0000	1.0000	1.0000	1.0000	1.0000	1.0000	1.0000	1.0000	1.0000	1.0000	1.0000	1.0000	1.0000	1.0000	1.0000	1.0000	1.0000	1.0000	1.0000	1.0000	1.0000	1.0000	1.0000	1.0000	1.0000	1.0000	1.0000	1.0000	1.0000	1.0000	1.0000	1.0000	1.0000	1.0000	1.0000	1.0000	1.0000	1.0000	1.0000	1.0000
2.5	1.0050	1.0048	1.0045	1.0043	1.0040	1.0045	1.0050	1.0050	1.0050	1.0045	1.0040	1.0040	1.0040	1.0035	1.0030	1.0030	1.0030	1.0030	1.0030	1.0030	1.0030	1.0025	1.0020	1.0020	1.0020	1.0020	1.0020	1.0015	1.0010	1.0010	1.0010	1.0005	1.0000	1.0000	1.0000	1.0001	1.0002	1.0003	1.0004	1.0005	1.0006	1.0007	1.0008	1.0009	1.0010	1.0010	1.0010	1.0010	1.0010	1.0010	1.0010	1.0010	1.0010	1.0010	1.0010
3.0	1.0050	1.0053	1.0055	1.0058	1.0060	1.0060	1.0060	1.0060	1.0060	1.0055	1.0050	1.0045	1.0040	1.0035	1.0030	1.0030	1.0030	1.0025	1.0020	1.0020	1.0020	1.0015	1.0010	1.0010	1.0010	1.0005	1.0000	1.0000	1.0000	0.9995	0.9990	0.9990	0.9990	0.9985	0.9980	0.9980	0.9980	0.9980	0.9980	0.9980	0.9980	0.9980	0.9980	0.9980	0.9980	0.9981	0.9982	0.9983	0.9984	0.9985	0.9986	0.9987	0.9988	0.9989	0.9990
3.5	0.9970	0.9970	0.9970	0.9970	0.9970	0.9970	0.9970	0.9970	0.9970	0.9970	0.9970	0.9965	0.9960	0.9955	0.9950	0.9950	0.9950	0.9950	0.9950	0.9950	0.9950	0.9945	0.9940	0.9940	0.9940	0.9940	0.9940	0.9935	0.9930	0.9930	0.9930	0.9925	0.9920	0.9920	0.9920	0.9920	0.9920	0.9920	0.9920	0.9920	0.9920	0.9920	0.9920	0.9920	0.9920	0.9920	0.9920	0.9920	0.9920	0.9920	0.9920	0.9920	0.9920	0.9920	0.9920
4.0	0.9880	0.9878	0.9875	0.9873	0.9870	0.9870	0.9870	0.9875	0.9880	0.9880	0.9880	0.9880	0.9880	0.9875	0.9870	0.9875	0.9880	0.9880	0.9880	0.9880	0.9880	0.9875	0.9870	0.9870	0.9870	0.9870	0.9870	0.9865	0.9860	0.9860	0.9860	0.9855	0.9850	0.9850	0.9850	0.9850	0.9850	0.9850	0.9850	0.9850	0.9850	0.9850	0.9850	0.9850	0.9850	0.9850	0.9850	0.9850	0.9850	0.9850	0.9850	0.9850	0.9850	0.9850	0.9850
4.5	0.9730	0.9735	0.9740	0.9745	0.9750	0.9750	0.9750	0.9755	0.9760	0.9765	0.9770	0.9770	0.9770	0.9770	0.9770	0.9770	0.9770	0.9770	0.9770	0.9770	0.9770	0.9770	0.9770	0.9770	0.9770	0.9770	0.9770	0.9765	0.9760	0.9760	0.9760	0.9755	0.9750	0.9750	0.9750	0.9751	0.9752	0.9753	0.9754	0.9755	0.9756	0.9757	0.9758	0.9759	0.9760	0.9761	0.9762	0.9763	0.9764	0.9765	0.9766	0.9767	0.9768	0.9769	0.9770
5.0	0.9570	0.9583	0.9595	0.9608	0.9620	0.9625	0.9630	0.9635	0.9640	0.9645	0.9650	0.9655	0.9660	0.9660	0.9660	0.9660	0.9660	0.9660	0.9660	0.9660	0.9660	0.9665	0.9670	0.9670	0.9670	0.9670	0.9670	0.9665	0.9660	0.9660	0.9660	0.9655	0.9650	0.9650	0.9650	0.9652	0.9654	0.9656	0.9658	0.9660	0.9662	0.9664	0.9666	0.9668	0.9670	0.9672	0.9674	0.9676	0.9678	0.9680	0.9682	0.9684	0.9686	0.9688	0.9690
5.5	0.9410	0.9430	0.9450	0.9470	0.9490	0.9495	0.9500	0.9510	0.9520	0.9530	0.9540	0.9540	0.9540	0.9540	0.9540	0.9545	0.9550	0.9550	0.9550	0.9555	0.9560	0.9560	0.9560	0.9565	0.9570	0.9570	0.9570	0.9570	0.9570	0.9570	0.9570	0.9570	0.9570	0.9570	0.9570	0.9571	0.9572	0.9573	0.9574	0.9575	0.9576	0.9577	0.9578	0.9579	0.9580	0.9582	0.9584	0.9586	0.9588	0.9590	0.9592	0.9594	0.9596	0.9598	0.9600
6.0	0.9240	0.9268	0.9295	0.9323	0.9350	0.9355	0.9360	0.9380	0.9400	0.9415	0.9430	0.9430	0.9430	0.9425	0.9420	0.9425	0.9430	0.9435	0.9440	0.9445	0.9450	0.9450	0.9450	0.9455	0.9460	0.9460	0.9460	0.9465	0.9470	0.9470	0.9470	0.9475	0.9480	0.9480	0.9480	0.9480	0.9480	0.9480	0.9480	0.9480	0.9480	0.9480	0.9480	0.9480	0.9480	0.9483	0.9486	0.9489	0.9492	0.9495	0.9498	0.9501	0.9504	0.9507	0.9510
6.5	0.9110	0.9135	0.9160	0.9185	0.9210	0.9225	0.9240	0.9255	0.9270	0.9290	0.9310	0.9310	0.9310	0.9310	0.9310	0.9315	0.9320	0.9330	0.9340	0.9345	0.9350	0.9355	0.9360	0.9365	0.9370	0.9370	0.9370	0.9370	0.9370	0.9370	0.9370	0.9375	0.9380	0.9380	0.9380	0.9382	0.9384	0.9386	0.9388	0.9390	0.9392	0.9394	0.9396	0.9398	0.9400	0.9403	0.9406	0.9409	0.9412	0.9415	0.9418	0.9421	0.9424	0.9427	0.9430
7.0	0.8970	0.8995	0.9020	0.9045	0.9070	0.9095	0.9120	0.9135	0.9150	0.9165	0.9180	0.9185	0.9190	0.9195	0.9200	0.9210	0.9220	0.9225	0.9230	0.9235	0.9240	0.9250	0.9260	0.9265	0.9270	0.9270	0.9270	0.9270	0.9270	0.9275	0.9280	0.9280	0.9280	0.9280	0.9280	0.9283	0.9286	0.9289	0.9292	0.9295	0.9298	0.9301	0.9304	0.9307	0.9310	0.9313	0.9316	0.9319	0.9322	0.9325	0.9328	0.9331	0.9334	0.9337	0.9340
7.5	0.8820	0.8850	0.8880	0.8910	0.8940	0.8965	0.8990	0.9005	0.9020	0.9040	0.9060	0.9065	0.9070	0.9080	0.9090	0.9095	0.9100	0.9110	0.9120	0.9125	0.9130	0.9135	0.9140	0.9150	0.9160	0.9160	0.9160	0.9165	0.9170	0.9170	0.9170	0.9175	0.9180	0.9180	0.9180	0.9184	0.9188	0.9192	0.9196	0.9200	0.9204	0.9208	0.9212	0.9216	0.9220	0.9223	0.9226	0.9229	0.9232	0.9235	0.9238	0.9241	0.9244	0.9247	0.9250
8.0	0.8670	0.8703	0.8735	0.8768	0.8800	0.8825	0.8850	0.8870	0.8890	0.8910	0.8930	0.8940	0.8950	0.8960	0.8970	0.8980	0.8990	0.8995	0.9000	0.9005	0.9010	0.9020	0.9030	0.9035	0.9040	0.9045	0.9050	0.9055	0.9060	0.9060	0.9060	0.9065	0.9070	0.9075	0.9080	0.9084	0.9088	0.9092	0.9096	0.9100	0.9104	0.9108	0.9112	0.9116	0.9120	0.9124	0.9128	0.9132	0.9136	0.9140	0.9144	0.9148	0.9152	0.9156	0.9160
8.5	0.8520	0.8558	0.8595	0.8633	0.8670	0.8700	0.8730	0.8750	0.8770	0.8790	0.8810	0.8820	0.8830	0.8845	0.8860	0.8865	0.8870	0.8880	0.8890	0.8895	0.8900	0.8910	0.8920	0.8930	0.8940	0.8945	0.8950	0.8955	0.8960	0.8965	0.8970	0.8975	0.8980	0.8985	0.8990	0.8994	0.8998	0.9002	0.9006	0.9010	0.9014	0.9018	0.9022	0.9026	0.9030	0.9034	0.9038	0.9042	0.9046	0.9050	0.9054	0.9058	0.9062	0.9066	0.9070
9.0	0.8370	0.8413	0.8455	0.8498	0.8540	0.8570	0.8600	0.8620	0.8640	0.8660	0.8680	0.8695	0.8710	0.8725	0.8740	0.8750	0.8760	0.8765	0.8770	0.8780	0.8790	0.8800	0.8810	0.8820	0.8830	0.8835	0.8840	0.8845	0.8850	0.8860	0.8870	0.8875	0.8880	0.8885	0.8890	0.8894	0.8898	0.8902	0.8906	0.8910	0.8914	0.8918	0.8922	0.8926	0.8930	0.8934	0.8938	0.8942	0.8946	0.8950	0.8954	0.8958	0.8962	0.8966	0.8970
9.5	0.8250	0.8290	0.8330	0.8370	0.8410	0.8440	0.8470	0.8490	0.8510	0.8535	0.8560	0.8575	0.8590	0.8605	0.8620	0.8630	0.8640	0.8650	0.8660	0.8670	0.8680	0.8690	0.8700	0.8710	0.8720	0.8725	0.8730	0.8735	0.8740	0.8750	0.8760	0.8765	0.8770	0.8775	0.8780	0.8785	0.8790	0.8795	0.8800	0.8805	0.8810	0.8815	0.8820	0.8825	0.8830	0.8835	0.8840	0.8845	0.8850	0.8855	0.8860	0.8865	0.8870	0.8875	0.8880
10.0	0.8120	0.8158	0.8195	0.8233	0.8270	0.8300	0.8330	0.8355	0.8380	0.8405	0.8430	0.8450	0.8470	0.8485	0.8500	0.8515	0.8530	0.8540	0.8550	0.8560	0.8570	0.8580	0.8590	0.8600	0.8610	0.8615	0.8620	0.8625	0.8630	0.8640	0.8650	0.8655	0.8660	0.8665	0.8670	0.8676	0.8682	0.8688	0.8694	0.8700	0.8706	0.8712	0.8718	0.8724	0.8730	0.8736	0.8742	0.8748	0.8754	0.8760	0.8766	0.8772	0.8778	0.8784	0.8790
10.5	0.7980	0.8020	0.8060	0.8100	0.8140	0.8175	0.8210	0.8235	0.8260	0.8285	0.8310	0.8325	0.8340	0.8360	0.8380	0.8395	0.8410	0.8425	0.8440	0.8450	0.8460	0.8470	0.8480	0.8495	0.8510	0.8515	0.8520	0.8525	0.8530	0.8535	0.8540	0.8550	0.8560	0.8565	0.8570	0.8577	0.8584	0.8591	0.8598	0.8605	0.8612	0.8619	0.8626	0.8633	0.8640	0.8646	0.8652	0.8658	0.8664	0.8670	0.8676	0.8682	0.8688	0.8694	0.8700
11.0	0.7840	0.7883	0.7925	0.7968	0.8010	0.8045	0.8080	0.8105	0.8130	0.8155	0.8180	0.8200	0.8220	0.8240	0.8260	0.8280	0.8300	0.8315	0.8330	0.8340	0.8350	0.8365	0.8380	0.8390	0.8400	0.8405	0.8410	0.8420	0.8430	0.8435	0.8440	0.8450	0.8460	0.8465	0.8470	0.8477	0.8484	0.8491	0.8498	0.8505	0.8512	0.8519	0.8526	0.8533	0.8540	0.8546	0.8552	0.8558	0.8564	0.8570	0.8576	0.8582	0.8588	0.8594	0.8600
11.5	0.7730	0.7768	0.7805	0.7843	0.7880	0.7920	0.7960	0.7985	0.8010	0.8035	0.8060	0.8080	0.8100	0.8120	0.8140	0.8160	0.8180	0.8200	0.8220	0.8230	0.8240	0.8255	0.8270	0.8285	0.8300	0.8305	0.8310	0.8320	0.8330	0.8335	0.8340	0.8350	0.8360	0.8365	0.8370	0.8377	0.8384	0.8391	0.8398	0.8405	0.8412	0.8419	0.8426	0.8433	0.8440	0.8446	0.8452	0.8458	0.8464	0.8470	0.8476	0.8482	0.8488	0.8494	0.8500
12.0	0.7610	0.7645	0.7680	0.7715	0.7750	0.7790	0.7830	0.7860	0.7890	0.7915	0.7940	0.7960	0.7980	0.8000	0.8020	0.8040	0.8060	0.8080	0.8100	0.8115	0.8130	0.8145	0.8160	0.8175	0.8190	0.8200	0.8210	0.8215	0.8220	0.8230	0.8240	0.8245	0.8250	0.8260	0.8270	0.8277	0.8284	0.8291	0.8298	0.8305	0.8312	0.8319	0.8326	0.8333	0.8340	0.8346	0.8352	0.8358	0.8364	0.8370	0.8376	0.8382	0.8388	0.8394	0.8400
12.5	0.7480	0.7518	0.7555	0.7593	0.7630	0.7670	0.7710	0.7735	0.7760	0.7785	0.7810	0.7835	0.7860	0.7885	0.7910	0.7925	0.7940	0.7960	0.7980	0.7995	0.8010	0.8030	0.8050	0.8065	0.8080	0.8090	0.8100	0.8110	0.8120	0.8125	0.8130	0.8140	0.8150	0.8160	0.8170	0.8178	0.8186	0.8194	0.8202	0.8210	0.8218	0.8226	0.8234	0.8242	0.8250	0.8256	0.8262	0.8268	0.8274	0.8280	0.8286	0.8292	0.8298	0.8304	0.8310
13.0	0.7340	0.7383	0.7425	0.7468	0.7510	0.7545	0.7580	0.7605	0.7630	0.7655	0.7680	0.7710	0.7740	0.7765	0.7790	0.7810	0.7830	0.7845	0.7860	0.7880	0.7900	0.7915	0.7930	0.7950	0.7970	0.7980	0.7990	0.8000	0.8010	0.8020	0.8030	0.8040	0.8050	0.8060	0.8070	0.8078	0.8086	0.8094	0.8102	0.8110	0.8118	0.8126	0.8134	0.8142	0.8150	0.8157	0.8164	0.8171	0.8178	0.8185	0.8192	0.8199	0.8206	0.8213	0.8220
13.5	0.7220	0.7263	0.7305	0.7348	0.7390	0.7430	0.7470	0.7495	0.7520	0.7545	0.7570	0.7595	0.7620	0.7650	0.7680	0.7695	0.7710	0.7730	0.7750	0.7770	0.7790	0.7805	0.7820	0.7840	0.7860	0.7870	0.7880	0.7890	0.7900	0.7915	0.7930	0.7940	0.7950	0.7960	0.7970	0.7979	0.7988	0.7997	0.8006	0.8015	0.8024	0.8033	0.8042	0.8051	0.8060	0.8067	0.8074	0.8081	0.8088	0.8095	0.8102	0.8109	0.8116	0.8123	0.8130
14.0	0.7100	0.7140	0.7180	0.7220	0.7260	0.7305	0.7350	0.7380	0.7410	0.7435	0.7460	0.7485	0.7510	0.7535	0.7560	0.7580	0.7600	0.7620	0.7640	0.7660	0.7680	0.7695	0.7710	0.7730	0.7750	0.7760	0.7770	0.7785	0.7800	0.7810	0.7820	0.7835	0.7850	0.7860	0.7870	0.7879	0.7888	0.7897	0.7906	0.7915	0.7924	0.7933	0.7942	0.7951	0.7960	0.7967	0.7974	0.7981	0.7988	0.7995	0.8002	0.8009	0.8016	0.8023	0.8030
14.5	0.6980	0.7023	0.7065	0.7108	0.7150	0.7190	0.7230	0.7260	0.7290	0.7320	0.7350	0.7375	0.7400	0.7430	0.7460	0.7480	0.7500	0.7520	0.7540	0.7555	0.7570	0.7590	0.7610	0.7630	0.7650	0.7660	0.7670	0.7685	0.7700	0.7710	0.7720	0.7735	0.7750	0.7760	0.7770	0.7780	0.7790	0.7800	0.7810	0.7820	0.7830	0.7840	0.7850	0.7860	0.7870	0.7877	0.7884	0.7891	0.7898	0.7905	0.7912	0.7919	0.7926	0.7933	0.7940
15.0	0.6850	0.6895	0.6940	0.6985	0.7030	0.7070	0.7110	0.7140	0.7170	0.7200	0.7230	0.7260	0.7290	0.7320	0.7350	0.7370	0.7390	0.7410	0.7430	0.7450	0.7470	0.7485	0.7500	0.7520	0.7540	0.7555	0.7570	0.7580	0.7590	0.7605	0.7620	0.7630	0.7640	0.7655	0.7670	0.7680	0.7690	0.7700	0.7710	0.7720	0.7730	0.7740	0.7750	0.7760	0.7770	0.7777	0.7784	0.7791	0.7798	0.7805	0.7812	0.7819	0.7826	0.7833	0.7840
15.5	0.6730	0.6778	0.6825	0.6873	0.6920	0.6965	0.7010	0.7035	0.7060	0.7090	0.7120	0.7150	0.7180	0.7210	0.7240	0.7260	0.7280	0.7305	0.7330	0.7345	0.7360	0.7380	0.7400	0.7420	0.7440	0.7455	0.7470	0.7480	0.7490	0.7505	0.7520	0.7530	0.7540	0.7555	0.7570	0.7580	0.7590	0.7600	0.7610	0.7620	0.7630	0.7640	0.7650	0.7660	0.7670	0.7678	0.7686	0.7694	0.7702	0.7710	0.7718	0.7726	0.7734	0.7742	0.7750
16.0	0.6610	0.6658	0.6705	0.6753	0.6800	0.6850	0.6900	0.6930	0.6960	0.6985	0.7010	0.7040	0.7070	0.7100	0.7130	0.7155	0.7180	0.7200	0.7220	0.7240	0.7260	0.7280	0.7300	0.7320	0.7340	0.7355	0.7370	0.7380	0.7390	0.7405	0.7420	0.7430	0.7440	0.7455	0.7470	0.7480	0.7490	0.7500	0.7510	0.7520	0.7530	0.7540	0.7550	0.7560	0.7570	0.7578	0.7586	0.7594	0.7602	0.7610	0.7618	0.7626	0.7634	0.7642	0.7650
16.5	0.6520	0.6563	0.6605	0.6648	0.6690	0.6740	0.6790	0.6815	0.6840	0.6870	0.6900	0.6930	0.6960	0.6990	0.7020	0.7045	0.7070	0.7095	0.7120	0.7140	0.7160	0.7180	0.7200	0.7220	0.7240	0.7255	0.7270	0.7280	0.7290	0.7305	0.7320	0.7330	0.7340	0.7355	0.7370	0.7381	0.7392	0.7403	0.7414	0.7425	0.7436	0.7447	0.7458	0.7469	0.7480	0.7489	0.7498	0.7507	0.7516	0.7525	0.7534	0.7543	0.7552	0.7561	0.7570
17.0	0.6420	0.6460	0.6500	0.6540	0.6580	0.6625	0.6670	0.6700	0.6730	0.6760	0.6790	0.6820	0.6850	0.6880	0.6910	0.6935	0.6960	0.6985	0.7010	0.7030	0.7050	0.7075	0.7100	0.7120	0.7140	0.7155	0.7170	0.7180	0.7190	0.7205	0.7220	0.7230	0.7240	0.7255	0.7270	0.7282	0.7294	0.7306	0.7318	0.7330	0.7342	0.7354	0.7366	0.7378	0.7390	0.7399	0.7408	0.7417	0.7426	0.7435	0.7444	0.7453	0.7462	0.7471	0.7480
17.5	0.6320	0.6360	0.6400	0.6440	0.6480	0.6525	0.6570	0.6600	0.6630	0.6660	0.6690	0.6720	0.6750	0.6780	0.6810	0.6835	0.6860	0.6885	0.6910	0.6930	0.6950	0.6970	0.6990	0.7015	0.7040	0.7050	0.7060	0.7075	0.7090	0.7105	0.7120	0.7135	0.7150	0.7165	0.7180	0.7192	0.7204	0.7216	0.7228	0.7240	0.7252	0.7264	0.7276	0.7288	0.7300	0.7309	0.7318	0.7327	0.7336	0.7345	0.7354	0.7363	0.7372	0.7381	0.7390
18.0	0.6220	0.6260	0.6300	0.6340	0.6380	0.6420	0.6460	0.6490	0.6520	0.6550	0.6580	0.6615	0.6650	0.6680	0.6710	0.6735	0.6760	0.6780	0.6800	0.6820	0.6840	0.6865	0.6890	0.6910	0.6930	0.6945	0.6960	0.6975	0.6990	0.7005	0.7020	0.7035	0.7050	0.7065	0.7080	0.7092	0.7104	0.7116	0.7128	0.7140	0.7152	0.7164	0.7176	0.7188	0.7200	0.7209	0.7218	0.7227	0.7236	0.7245	0.7254	0.7263	0.7272	0.7281	0.7290
18.5	0.6140	0.6173	0.6205	0.6238	0.6270	0.6315	0.6360	0.6390	0.6420	0.6450	0.6480	0.6515	0.6550	0.6580	0.6610	0.6635	0.6660	0.6685	0.6710	0.6730	0.6750	0.6770	0.6790	0.6815	0.6840	0.6855	0.6870	0.6885	0.6900	0.6915	0.6930	0.6945	0.6960	0.6975	0.6990	0.7002	0.7014	0.7026	0.7038	0.7050	0.7062	0.7074	0.7086	0.7098	0.7110	0.7119	0.7128	0.7137	0.7146	0.7155	0.7164	0.7173	0.7182	0.7191	0.7200
19.0	0.6050	0.6078	0.6105	0.6133	0.6160	0.6210	0.6260	0.6290	0.6320	0.6350	0.6380	0.6415	0.6450	0.6480	0.6510	0.6535	0.6560	0.6585	0.6610	0.6630	0.6650	0.6675	0.6700	0.6720	0.6740	0.6755	0.6770	0.6785	0.6800	0.6815	0.6830	0.6845	0.6860	0.6875	0.6890	0.6902	0.6914	0.6926	0.6938	0.6950	0.6962	0.6974	0.6986	0.6998	0.7010	0.7020	0.7030	0.7040	0.7050	0.7060	0.7070	0.7080	0.7090	0.7100	0.7110
19.5	0.5950	0.5978	0.6005	0.6033	0.6060	0.6110	0.6160	0.6190	0.6220	0.6250	0.6280	0.6315	0.6350	0.6385	0.6420	0.6440	0.6460	0.6485	0.6510	0.6530	0.6550	0.6575	0.6600	0.6625	0.6650	0.6665	0.6680	0.6695	0.6710	0.6725	0.6740	0.6755	0.6770	0.6785	0.6800	0.6812	0.6824	0.6836	0.6848	0.6860	0.6872	0.6884	0.6896	0.6908	0.6920	0.6930	0.6940	0.6950	0.6960	0.6970	0.6980	0.6990	0.7000	0.7010	0.7020
20	0.5850	0.5878	0.5905	0.5933	0.5960	0.6010	0.6060	0.6090	0.6120	0.6150	0.6180	0.6215	0.6250	0.6285	0.6320	0.6340	0.6360	0.6380	0.6400	0.6425	0.6450	0.6475	0.6500	0.6525	0.6550	0.6565	0.6580	0.6595	0.6610	0.6625	0.6640	0.6655	0.6670	0.6685	0.6700	0.6712	0.6724	0.6736	0.6748	0.6760	0.6772	0.6784	0.6796	0.6808	0.6820	0.6831	0.6842	0.6853	0.6864	0.6875	0.6886	0.6897	0.6908	0.6919	0.6930
20.5	0.5750	0.5778	0.5805	0.5833	0.5860	0.5910	0.5960	0.5990	0.6020	0.6055	0.6090	0.6120	0.6150	0.6185	0.6220	0.6245	0.6270	0.6290	0.6310	0.6335	0.6360	0.6385	0.6410	0.6435	0.6460	0.6475	0.6490	0.6505	0.6520	0.6535	0.6550	0.6565	0.6580	0.6595	0.6610	0.6622	0.6634	0.6646	0.6658	0.6670	0.6682	0.6694	0.6706	0.6718	0.6730	0.6741	0.6752	0.6763	0.6774	0.6785	0.6796	0.6807	0.6818	0.6829	0.6840
21	0.5640	0.5670	0.5700	0.5730	0.5760	0.5805	0.5850	0.5885	0.5920	0.5955	0.5990	0.6025	0.6060	0.6090	0.6120	0.6145	0.6170	0.6195	0.6220	0.6245	0.6270	0.6295	0.6320	0.6345	0.6370	0.6385	0.6400	0.6415	0.6430	0.6445	0.6460	0.6475	0.6490	0.6505	0.6520	0.6532	0.6544	0.6556	0.6568	0.6580	0.6592	0.6604	0.6616	0.6628	0.6640	0.6651	0.6662	0.6673	0.6684	0.6695	0.6706	0.6717	0.6728	0.6739	0.6750
21.5	0.5540	0.5573	0.5605	0.5638	0.5670	0.5715	0.5760	0.5795	0.5830	0.5865	0.5900	0.5935	0.5970	0.6000	0.6030	0.6055	0.6080	0.6105	0.6130	0.6155	0.6180	0.6200	0.6220	0.6245	0.6270	0.6285	0.6300	0.6315	0.6330	0.6350	0.6370	0.6385	0.6400	0.6415	0.6430	0.6443	0.6456	0.6469	0.6482	0.6495	0.6508	0.6521	0.6534	0.6547	0.6560	0.6571	0.6582	0.6593	0.6604	0.6615	0.6626	0.6637	0.6648	0.6659	0.6670
22	0.5430	0.5465	0.5500	0.5535	0.5570	0.5620	0.5670	0.5705	0.5740	0.5775	0.5810	0.5845	0.5880	0.5910	0.5940	0.5965	0.5990	0.6015	0.6040	0.6060	0.6080	0.6105	0.6130	0.6150	0.6170	0.6185	0.6200	0.6220	0.6240	0.6255	0.6270	0.6290	0.6310	0.6325	0.6340	0.6353	0.6366	0.6379	0.6392	0.6405	0.6418	0.6431	0.6444	0.6457	0.6470	0.6482	0.6494	0.6506	0.6518	0.6530	0.6542	0.6554	0.6566	0.6578	0.6590
22.5	0.5350	0.5383	0.5415	0.5448	0.5480	0.5530	0.5580	0.5615	0.5650	0.5685	0.5720	0.5750	0.5780	0.5815	0.5850	0.5875	0.5900	0.5920	0.5940	0.5965	0.5990	0.6010	0.6030	0.6055	0.6080	0.6095	0.6110	0.6130	0.6150	0.6165	0.6180	0.6200	0.6220	0.6235	0.6250	0.6264	0.6278	0.6292	0.6306	0.6320	0.6334	0.6348	0.6362	0.6376	0.6390	0.6401	0.6412	0.6423	0.6434	0.6445	0.6456	0.6467	0.6478	0.6489	0.6500
23.0	0.5260	0.5293	0.5325	0.5358	0.5390	0.5435	0.5480	0.5515	0.5550	0.5585	0.5620	0.5655	0.5690	0.5725	0.5760	0.5780	0.5800	0.5820	0.5840	0.5865	0.5890	0.5915	0.5940	0.5965	0.5990	0.6005	0.6020	0.6040	0.6060	0.6075	0.6090	0.6110	0.6130	0.6145	0.6160	0.6174	0.6188	0.6202	0.6216	0.6230	0.6244	0.6258	0.6272	0.6286	0.6300	0.6311	0.6322	0.6333	0.6344	0.6355	0.6366	0.6377	0.6388	0.6399	0.6410
23.5	0.5170	0.5205	0.5240	0.5275	0.5310	0.5350	0.5390	0.5425	0.5460	0.5495	0.5530	0.5565	0.5600	0.5635	0.5670	0.5690	0.5710	0.5735	0.5760	0.5785	0.5810	0.5835	0.5860	0.5885	0.5910	0.5925	0.5940	0.5955	0.5970	0.5990	0.6010	0.6025	0.6040	0.6060	0.6080	0.6094	0.6108	0.6122	0.6136	0.6150	0.6164	0.6178	0.6192	0.6206	0.6220	0.6231	0.6242	0.6253	0.6264	0.6275	0.6286	0.6297	0.6308	0.6319	0.6330
24	0.5070	0.5108	0.5145	0.5183	0.5220	0.5260	0.5300	0.5335	0.5370	0.5405	0.5440	0.5475	0.5510	0.5540	0.5570	0.5600	0.5630	0.5655	0.5680	0.5705	0.5730	0.5750	0.5770	0.5795	0.5820	0.5835	0.5850	0.5870	0.5890	0.5905	0.5920	0.5940	0.5960	0.5975	0.5990	0.6004	0.6018	0.6032	0.6046	0.6060	0.6074	0.6088	0.6102	0.6116	0.6130	0.6141	0.6152	0.6163	0.6174	0.6185	0.6196	0.6207	0.6218	0.6229	0.6240
24.5	0.4990	0.5025	0.5060	0.5095	0.5130	0.5175	0.5220	0.5255	0.5290	0.5320	0.5350	0.5385	0.5420	0.5455	0.5490	0.5515	0.5540	0.5565	0.5590	0.5615	0.5640	0.5665	0.5690	0.5715	0.5740	0.5755	0.5770	0.5785	0.5800	0.5820	0.5840	0.5855	0.5870	0.5890	0.5910	0.5924	0.5938	0.5952	0.5966	0.5980	0.5994	0.6008	0.6022	0.6036	0.6050	0.6060	0.6070	0.6080	0.6090	0.6100	0.6110	0.6120	0.6130	0.6140	0.6150
25	0.4900	0.4935	0.4970	0.5005	0.5040	0.5090	0.5140	0.5170	0.5200	0.5230	0.5260	0.5295	0.5330	0.5365	0.5400	0.5425	0.5450	0.5475	0.5500	0.5525	0.5550	0.5575	0.5600	0.5625	0.5650	0.5665	0.5680	0.5700	0.5720	0.5735	0.5750	0.5770	0.5790	0.5805	0.5820	0.5834	0.5848	0.5862	0.5876	0.5890	0.5904	0.5918	0.5932	0.5946	0.5960	0.5970	0.5980	0.5990	0.6000	0.6010	0.6020	0.6030	0.6040	0.6050	0.6060
25.5	0.4850	0.4878	0.4905	0.4933	0.4960	0.5005	0.5050	0.5080	0.5110	0.5145	0.5180	0.5215	0.5250	0.5285	0.5320	0.5345	0.5370	0.5395	0.5420	0.5445	0.5470	0.5490	0.5510	0.5535	0.5560	0.5580	0.5600	0.5615	0.5630	0.5650	0.5670	0.5685	0.5700	0.5720	0.5740	0.5754	0.5768	0.5782	0.5796	0.5810	0.5824	0.5838	0.5852	0.5866	0.5880	0.5891	0.5902	0.5913	0.5924	0.5935	0.5946	0.5957	0.5968	0.5979	0.5990
26.0	0.4800	0.4820	0.4840	0.4860	0.4880	0.4920	0.4960	0.4995	0.5030	0.5060	0.5090	0.5130	0.5170	0.5205	0.5240	0.5265	0.5290	0.5315	0.5340	0.5360	0.5380	0.5405	0.5430	0.5450	0.5470	0.5490	0.5510	0.5525	0.5540	0.5560	0.5580	0.5595	0.5610	0.5630	0.5650	0.5665	0.5680	0.5695	0.5710	0.5725	0.5740	0.5755	0.5770	0.5785	0.5800	0.5811	0.5822	0.5833	0.5844	0.5855	0.5866	0.5877	0.5888	0.5899	0.5910
26.5	0.4720	0.4743	0.4765	0.4788	0.4810	0.4850	0.4890	0.4920	0.4950	0.4980	0.5010	0.5045	0.5080	0.5115	0.5150	0.5175	0.5200	0.5230	0.5260	0.5280	0.5300	0.5325	0.5350	0.5370	0.5390	0.5410	0.5430	0.5445	0.5460	0.5480	0.5500	0.5520	0.5540	0.5560	0.5580	0.5594	0.5608	0.5622	0.5636	0.5650	0.5664	0.5678	0.5692	0.5706	0.5720	0.5731	0.5742	0.5753	0.5764	0.5775	0.5786	0.5797	0.5808	0.5819	0.5830
27	0.4640	0.4663	0.4685	0.4708	0.4730	0.4770	0.4810	0.4840	0.4870	0.4900	0.4930	0.4965	0.5000	0.5030	0.5060	0.5090	0.5120	0.5145	0.5170	0.5195	0.5220	0.5240	0.5260	0.5285	0.5310	0.5330	0.5350	0.5370	0.5390	0.5405	0.5420	0.5440	0.5460	0.5480	0.5500	0.5514	0.5528	0.5542	0.5556	0.5570	0.5584	0.5598	0.5612	0.5626	0.5640	0.5651	0.5662	0.5673	0.5684	0.5695	0.5706	0.5717	0.5728	0.5739	0.5750
27.5	0.4560	0.4585	0.4610	0.4635	0.4660	0.4695	0.4730	0.4760	0.4790	0.4820	0.4850	0.4885	0.4920	0.4950	0.4980	0.5005	0.5030	0.5060	0.5090	0.5110	0.5130	0.5155	0.5180	0.5205	0.5230	0.5250	0.5270	0.5290	0.5310	0.5325	0.5340	0.5360	0.5380	0.5400	0.5420	0.5434	0.5448	0.5462	0.5476	0.5490	0.5504	0.5518	0.5532	0.5546	0.5560	0.5571	0.5582	0.5593	0.5604	0.5615	0.5626	0.5637	0.5648	0.5659	0.5670
28	0.4470	0.4498	0.4525	0.4553	0.4580	0.4615	0.4650	0.4680	0.4710	0.4740	0.4770	0.4805	0.4840	0.4870	0.4900	0.4925	0.4950	0.4975	0.5000	0.5025	0.5050	0.5075	0.5100	0.5125	0.5150	0.5170	0.5190	0.5210	0.5230	0.5245	0.5260	0.5280	0.5300	0.5320	0.5340	0.5354	0.5368	0.5382	0.5396	0.5410	0.5424	0.5438	0.5452	0.5466	0.5480	0.5491	0.5502	0.5513	0.5524	0.5535	0.5546	0.5557	0.5568	0.5579	0.5590
28.5	0.4410	0.4435	0.4460	0.4485	0.4510	0.4545	0.4580	0.4610	0.4640	0.4670	0.4700	0.4730	0.4760	0.4795	0.4830	0.4855	0.4880	0.4905	0.4930	0.4955	0.4980	0.5000	0.5020	0.5045	0.5070	0.5090	0.5110	0.5130	0.5150	0.5165	0.5180	0.5200	0.5220	0.5240	0.5260	0.5274	0.5288	0.5302	0.5316	0.5330	0.5344	0.5358	0.5372	0.5386	0.5400	0.5412	0.5424	0.5436	0.5448	0.5460	0.5472	0.5484	0.5496	0.5508	0.5520
29.0	0.4350	0.4370	0.4390	0.4410	0.4430	0.4465	0.4500	0.4530	0.4560	0.4590	0.4620	0.4655	0.4690	0.4725	0.4760	0.4785	0.4810	0.4835	0.4860	0.4880	0.4900	0.4925	0.4950	0.4970	0.4990	0.5010	0.5030	0.5050	0.5070	0.5085	0.5100	0.5120	0.5140	0.5160	0.5180	0.5194	0.5208	0.5222	0.5236	0.5250	0.5264	0.5278	0.5292	0.5306	0.5320	0.5332	0.5344	0.5356	0.5368	0.5380	0.5392	0.5404	0.5416	0.5428	0.5440
29.5	0.4280	0.4298	0.4315	0.4333	0.4350	0.4385	0.4420	0.4450	0.4480	0.4510	0.4540	0.4575	0.4610	0.4640	0.4670	0.4695	0.4720	0.4750	0.4780	0.4800	0.4820	0.4845	0.4870	0.4890	0.4910	0.4930	0.4950	0.4970	0.4990	0.5005	0.5020	0.5040	0.5060	0.5080	0.5100	0.5114	0.5128	0.5142	0.5156	0.5170	0.5184	0.5198	0.5212	0.5226	0.5240	0.5252	0.5264	0.5276	0.5288	0.5300	0.5312	0.5324	0.5336	0.5348	0.5360
30	0.4200	0.4218	0.4235	0.4253	0.4270	0.4305	0.4340	0.4370	0.4400	0.4430	0.4460	0.4490	0.4520	0.4550	0.4580	0.4610	0.4640	0.4665	0.4690	0.4715	0.4740	0.4760	0.4780	0.4805	0.4830	0.4850	0.4870	0.4890	0.4910	0.4925	0.4940	0.4960	0.4980	0.5000	0.5020	0.5033	0.5046	0.5059	0.5072	0.5085	0.5098	0.5111	0.5124	0.5137	0.5150	0.5162	0.5174	0.5186	0.5198	0.5210	0.5222	0.5234	0.5246	0.5258	0.5270