Campo	3	3.5	4	4.5	5	5.5	6	6.5	7	7.5	8	8.5	9	9.5	10	10.5	11	11.5	12	12.5	13	13.5	14	14.5	15	15.5	16	16.5	17	17.5	18	18.5	19	19.5	20	20.5	21	21.5	22	22.5	23	23.5	24	24.5	25	25.5	26	26.5	27	27.5	28	28.5	29	29.5	30	30.5	31	31.5	32	32.5	33	33.5	34	34.5	35	35.5	36	36.5	37	37.5	38	38.5	39	39.5	40
Sc	0.932	0.9425	0.953	0.9585	0.964	0.9695	0.975	0.9785	0.982	0.986	0.990	0.9925	0.995	0.9975	1.000	1.002	1.004	1.006	1.008	1.009	1.010	1.0115	1.013	1.0145	1.016	1.017	1.018	1.019	1.020	1.021	1.022	1.0235	1.025	1.026	1.027	1.028	1.029	1.029	1.0290	1.0295	1.0300	1.0310	1.0320	1.0325	1.0330	1.0340	1.0350	1.0360	1.0370	1.0375	1.0380	1.0390	1.0400	1.0405	1.0410	1.0418	1.0425	1.0433	1.0440	1.0445	1.0450	1.0455	1.0460	1.0465	1.0470	1.0470	1.0470	1.0473	1.0475	1.0478	1.0480	1.0480	1.0480	1.0480	1.0480
Sp	0.9770	0.9795	0.9820	0.9845	0.9870	0.9885	0.9900	0.9915	0.9930	0.994	0.9950	0.9965	0.9980	0.999	1.0000	1.001	1.0020	1.003	1.0040	1.005	1.0060	1.007	1.0080	1.009	1.0100	1.0105	1.0110	1.012	1.0130	1.0135	1.0140	1.0145	1.0150	1.0155	1.0160	1.0165	1.0170	1.0175	1.0180	1.0185	1.0190	1.0195	1.0200	1.0205	1.0210	1.0210	1.0210	1.0215	1.0220	1.0225	1.0230	1.0235	1.0240	1.0245	1.0250	1.0250	1.0250	1.0250	1.0250	1.0250	1.0250	1.0250	1.0250	1.0250	1.0250	1.0250	1.0250	1.0250	1.0250	1.0250	1.0250	1.0250	1.0250	1.0250	1.0250
Prof.																																																																											
0.0	0.4590	0.4640	0.4690	0.4740	0.4790	0.4825	0.4860	0.4905	0.4950	0.4990	0.5030	0.5070	0.5110	0.5150	0.5190	0.5245	0.5300	0.5355	0.5410	0.5465	0.5520	0.5570	0.5620	0.5675	0.5730	0.5775	0.5820	0.5865	0.5910	0.5955	0.6000	0.6045	0.6090	0.6135	0.6180	0.6216	0.6252	0.6288	0.6324	0.6360	0.6396	0.6432	0.6468	0.6504	0.6540	0.6568	0.6596	0.6624	0.6652	0.6680	0.6708	0.6736	0.6764	0.6792	0.6820	0.6836	0.6852	0.6868	0.6884	0.6900	0.6916	0.6932	0.6948	0.6964	0.6980	0.6996	0.7012	0.7028	0.7044	0.7060	0.7076	0.7092	0.7108	0.7124	0.7140
0.5	0.7680	0.7703	0.7725	0.7748	0.7770	0.7780	0.7790	0.7810	0.7830	0.7850	0.7870	0.7890	0.7910	0.7930	0.7950	0.7975	0.8000	0.8025	0.8050	0.8075	0.8100	0.8120	0.8140	0.8165	0.8190	0.8210	0.8230	0.8250	0.8270	0.8295	0.8320	0.8340	0.8360	0.8380	0.8400	0.8417	0.8434	0.8451	0.8468	0.8485	0.8502	0.8519	0.8536	0.8553	0.8570	0.8583	0.8596	0.8609	0.8622	0.8635	0.8648	0.8661	0.8674	0.8687	0.8700	0.8706	0.8712	0.8718	0.8724	0.8730	0.8736	0.8742	0.8748	0.8754	0.8760	0.8766	0.8772	0.8778	0.8784	0.8790	0.8796	0.8802	0.8808	0.8814	0.8820
1.0	0.9740	0.9740	0.9740	0.9740	0.9740	0.9740	0.9740	0.9745	0.9750	0.9755	0.9760	0.9765	0.9770	0.9770	0.9770	0.9775	0.9780	0.9785	0.9790	0.9795	0.9800	0.9800	0.9800	0.9805	0.9810	0.9815	0.9820	0.9820	0.9820	0.9825	0.9830	0.9830	0.9830	0.9835	0.9840	0.9844	0.9848	0.9852	0.9856	0.9860	0.9864	0.9868	0.9872	0.9876	0.9880	0.9882	0.9884	0.9886	0.9888	0.9890	0.9892	0.9894	0.9896	0.9898	0.9900	0.9900	0.9900	0.9900	0.9900	0.9900	0.9900	0.9900	0.9900	0.9900	0.9900	0.9901	0.9902	0.9903	0.9904	0.9905	0.9906	0.9907	0.9908	0.9909	0.9910
1.4	1.0000	1.0000	1.0000	1.0000	1.0000	1.0000	1.0000	1.0000	1.0000	1.0000	1.0000	1.0000	1.0000	1.0000	1.0000	1.0000	1.0000	1.0000	1.0000	1.0000	1.0000	1.0000	1.0000	1.0000	1.0000	1.0000	1.0000	1.0000	1.0000	1.0000	1.0000	1.0000	1.0000	1.0000	1.0000	1.0000	1.0000	1.0000	1.0000	1.0000	1.0000	1.0000	1.0000	1.0000	1.0000	1.0000	1.0000	1.0000	1.0000	1.0000	1.0000	1.0000	1.0000	1.0000	1.0000	1.0000	1.0000	1.0000	1.0000	1.0000	1.0000	1.0000	1.0000	1.0000	1.0000	1.0000	1.0000	1.0000	1.0000	1.0000	1.0000	1.0000	1.0000	1.0000	1.0000
1.5	1.0010	1.0010	1.0010	1.0010	1.0010	1.0010	1.0010	1.0010	1.0010	1.0010	1.0010	1.0010	1.0010	1.0010	1.0010	1.0010	1.0010	1.0010	1.0010	1.0010	1.0010	1.0010	1.0010	1.0010	1.0010	1.0010	1.0010	1.0010	1.0010	1.0005	1.0000	1.0000	1.0000	1.0000	1.0000	1.0000	1.0000	1.0000	1.0000	1.0000	1.0000	1.0000	1.0000	1.0000	1.0000	1.0000	1.0000	1.0000	1.0000	1.0000	1.0000	1.0000	1.0000	1.0000	1.0000	1.0000	1.0000	1.0000	1.0000	1.0000	1.0000	1.0000	1.0000	1.0000	1.0000	1.0001	1.0002	1.0003	1.0004	1.0005	1.0006	1.0007	1.0008	1.0009	1.0010
2.0	0.9940	0.9945	0.9950	0.9955	0.9960	0.9960	0.9960	0.9960	0.9960	0.9960	0.9960	0.9960	0.9960	0.9960	0.9960	0.9960	0.9960	0.9960	0.9960	0.9960	0.9960	0.9960	0.9960	0.9960	0.9960	0.9960	0.9960	0.9955	0.9950	0.9950	0.9950	0.9945	0.9940	0.9940	0.9940	0.9941	0.9942	0.9943	0.9944	0.9945	0.9946	0.9947	0.9948	0.9949	0.9950	0.9950	0.9950	0.9950	0.9950	0.9950	0.9950	0.9950	0.9950	0.9950	0.9950	0.9950	0.9950	0.9950	0.9950	0.9950	0.9950	0.9950	0.9950	0.9950	0.9950	0.9951	0.9952	0.9953	0.9954	0.9955	0.9956	0.9957	0.9958	0.9959	0.9960
2.5	0.9830	0.9843	0.9855	0.9868	0.9880	0.9880	0.9880	0.9885	0.9890	0.9890	0.9890	0.9890	0.9890	0.9890	0.9890	0.9890	0.9890	0.9895	0.9900	0.9900	0.9900	0.9900	0.9900	0.9900	0.9900	0.9900	0.9900	0.9900	0.9900	0.9895	0.9890	0.9890	0.9890	0.9890	0.9890	0.9891	0.9892	0.9893	0.9894	0.9895	0.9896	0.9897	0.9898	0.9899	0.9900	0.9901	0.9902	0.9903	0.9904	0.9905	0.9906	0.9907	0.9908	0.9909	0.9910	0.9910	0.9910	0.9910	0.9910	0.9910	0.9910	0.9910	0.9910	0.9910	0.9910	0.9910	0.9910	0.9910	0.9910	0.9910	0.9910	0.9910	0.9910	0.9910	0.9910
3.0	0.9720	0.9738	0.9755	0.9773	0.9790	0.9795	0.9800	0.9805	0.9810	0.9815	0.9820	0.9820	0.9820	0.9820	0.9820	0.9825	0.9830	0.9830	0.9830	0.9830	0.9830	0.9835	0.9840	0.9840	0.9840	0.9840	0.9840	0.9840	0.9840	0.9840	0.9840	0.9840	0.9840	0.9840	0.9840	0.9841	0.9842	0.9843	0.9844	0.9845	0.9846	0.9847	0.9848	0.9849	0.9850	0.9852	0.9854	0.9856	0.9858	0.9860	0.9862	0.9864	0.9866	0.9868	0.9870	0.9870	0.9870	0.9870	0.9870	0.9870	0.9870	0.9870	0.9870	0.9870	0.9870	0.9869	0.9868	0.9867	0.9866	0.9865	0.9864	0.9863	0.9862	0.9861	0.9860
3.5	0.9540	0.9563	0.9585	0.9608	0.9630	0.9640	0.9650	0.9660	0.9670	0.9675	0.9680	0.9685	0.9690	0.9695	0.9700	0.9705	0.9710	0.9715	0.9720	0.9720	0.9720	0.9725	0.9730	0.9730	0.9730	0.9730	0.9730	0.9735	0.9740	0.9740	0.9740	0.9740	0.9740	0.9745	0.9750	0.9751	0.9752	0.9753	0.9754	0.9755	0.9756	0.9757	0.9758	0.9759	0.9760	0.9761	0.9762	0.9763	0.9764	0.9765	0.9766	0.9767	0.9768	0.9769	0.9770	0.9771	0.9772	0.9773	0.9774	0.9775	0.9776	0.9777	0.9778	0.9779	0.9780	0.9780	0.9780	0.9780	0.9780	0.9780	0.9780	0.9780	0.9780	0.9780	0.9780
4.0	0.9360	0.9388	0.9415	0.9443	0.9470	0.9485	0.9500	0.9510	0.9520	0.9530	0.9540	0.9550	0.9560	0.9565	0.9570	0.9580	0.9590	0.9595	0.9600	0.9605	0.9610	0.9610	0.9610	0.9615	0.9620	0.9625	0.9630	0.9630	0.9630	0.9635	0.9640	0.9640	0.9640	0.9645	0.9650	0.9652	0.9654	0.9656	0.9658	0.9660	0.9662	0.9664	0.9666	0.9668	0.9670	0.9671	0.9672	0.9673	0.9674	0.9675	0.9676	0.9677	0.9678	0.9679	0.9680	0.9680	0.9680	0.9680	0.9680	0.9680	0.9680	0.9680	0.9680	0.9680	0.9680	0.9681	0.9682	0.9683	0.9684	0.9685	0.9686	0.9687	0.9688	0.9689	0.9690
4.5	0.9110	0.9143	0.9175	0.9208	0.9240	0.9260	0.9280	0.9295	0.9310	0.9325	0.9340	0.9355	0.9370	0.9380	0.9390	0.9400	0.9410	0.9420	0.9430	0.9435	0.9440	0.9445	0.9450	0.9455	0.9460	0.9460	0.9460	0.9465	0.9470	0.9475	0.9480	0.9480	0.9480	0.9485	0.9490	0.9493	0.9496	0.9499	0.9502	0.9505	0.9508	0.9511	0.9514	0.9517	0.9520	0.9522	0.9524	0.9526	0.9528	0.9530	0.9532	0.9534	0.9536	0.9538	0.9540	0.9541	0.9542	0.9543	0.9544	0.9545	0.9546	0.9547	0.9548	0.9549	0.9550	0.9552	0.9554	0.9556	0.9558	0.9560	0.9562	0.9564	0.9566	0.9568	0.9570
5.0	0.8850	0.8890	0.8930	0.8970	0.9010	0.9035	0.9060	0.9080	0.9100	0.9120	0.9140	0.9160	0.9180	0.9195	0.9210	0.9220	0.9230	0.9240	0.9250	0.9255	0.9260	0.9270	0.9280	0.9285	0.9290	0.9295	0.9300	0.9305	0.9310	0.9310	0.9310	0.9315	0.9320	0.9325	0.9330	0.9334	0.9338	0.9342	0.9346	0.9350	0.9354	0.9358	0.9362	0.9366	0.9370	0.9372	0.9374	0.9376	0.9378	0.9380	0.9382	0.9384	0.9386	0.9388	0.9390	0.9392	0.9394	0.9396	0.9398	0.9400	0.9402	0.9404	0.9406	0.9408	0.9410	0.9413	0.9416	0.9419	0.9422	0.9425	0.9428	0.9431	0.9434	0.9437	0.9440
5.5	0.8670	0.8713	0.8755	0.8798	0.8840	0.8870	0.8900	0.8925	0.8950	0.8970	0.8990	0.9010	0.9030	0.9050	0.9070	0.9080	0.9090	0.9105	0.9120	0.9125	0.9130	0.9140	0.9150	0.9155	0.9160	0.9165	0.9170	0.9175	0.9180	0.9185	0.9190	0.9195	0.9200	0.9210	0.9220	0.9224	0.9228	0.9232	0.9236	0.9240	0.9244	0.9248	0.9252	0.9256	0.9260	0.9264	0.9268	0.9272	0.9276	0.9280	0.9284	0.9288	0.9292	0.9296	0.9300	0.9302	0.9304	0.9306	0.9308	0.9310	0.9312	0.9314	0.9316	0.9318	0.9320	0.9323	0.9326	0.9329	0.9332	0.9335	0.9338	0.9341	0.9344	0.9347	0.9350
6.0	0.8480	0.8528	0.8575	0.8623	0.8670	0.8705	0.8740	0.8765	0.8790	0.8815	0.8840	0.8860	0.8880	0.8900	0.8920	0.8935	0.8950	0.8965	0.8980	0.8990	0.9000	0.9005	0.9010	0.9020	0.9030	0.9035	0.9040	0.9050	0.9060	0.9065	0.9070	0.9080	0.9090	0.9095	0.9100	0.9105	0.9110	0.9115	0.9120	0.9125	0.9130	0.9135	0.9140	0.9145	0.9150	0.9155	0.9160	0.9165	0.9170	0.9175	0.9180	0.9185	0.9190	0.9195	0.9200	0.9202	0.9204	0.9206	0.9208	0.9210	0.9212	0.9214	0.9216	0.9218	0.9220	0.9223	0.9226	0.9229	0.9232	0.9235	0.9238	0.9241	0.9244	0.9247	0.9250
6.5	0.8300	0.8350	0.8400	0.8450	0.8500	0.8540	0.8580	0.8605	0.8630	0.8660	0.8690	0.8710	0.8730	0.8755	0.8780	0.8795	0.8810	0.8825	0.8840	0.8850	0.8860	0.8870	0.8880	0.8895	0.8910	0.8915	0.8920	0.8930	0.8940	0.8945	0.8950	0.8960	0.8970	0.8980	0.8990	0.8995	0.9000	0.9005	0.9010	0.9015	0.9020	0.9025	0.9030	0.9035	0.9040	0.9045	0.9050	0.9055	0.9060	0.9065	0.9070	0.9075	0.9080	0.9085	0.9090	0.9093	0.9096	0.9099	0.9102	0.9105	0.9108	0.9111	0.9114	0.9117	0.9120	0.9123	0.9126	0.9129	0.9132	0.9135	0.9138	0.9141	0.9144	0.9147	0.9150
7.0	0.8120	0.8170	0.8220	0.8270	0.8320	0.8365	0.8410	0.8440	0.8470	0.8500	0.8530	0.8555	0.8580	0.8605	0.8630	0.8650	0.8670	0.8685	0.8700	0.8715	0.8730	0.8740	0.8750	0.8765	0.8780	0.8790	0.8800	0.8810	0.8820	0.8825	0.8830	0.8840	0.8850	0.8860	0.8870	0.8876	0.8882	0.8888	0.8894	0.8900	0.8906	0.8912	0.8918	0.8924	0.8930	0.8934	0.8938	0.8942	0.8946	0.8950	0.8954	0.8958	0.8962	0.8966	0.8970	0.8974	0.8978	0.8982	0.8986	0.8990	0.8994	0.8998	0.9002	0.9006	0.9010	0.9013	0.9016	0.9019	0.9022	0.9025	0.9028	0.9031	0.9034	0.9037	0.9040
7.5	0.7940	0.7993	0.8045	0.8098	0.8150	0.8195	0.8240	0.8275	0.8310	0.8345	0.8380	0.8405	0.8430	0.8460	0.8490	0.8510	0.8530	0.8550	0.8570	0.8580	0.8590	0.8605	0.8620	0.8635	0.8650	0.8660	0.8670	0.8680	0.8690	0.8700	0.8710	0.8720	0.8730	0.8740	0.8750	0.8756	0.8762	0.8768	0.8774	0.8780	0.8786	0.8792	0.8798	0.8804	0.8810	0.8815	0.8820	0.8825	0.8830	0.8835	0.8840	0.8845	0.8850	0.8855	0.8860	0.8864	0.8868	0.8872	0.8876	0.8880	0.8884	0.8888	0.8892	0.8896	0.8900	0.8904	0.8908	0.8912	0.8916	0.8920	0.8924	0.8928	0.8932	0.8936	0.8940
8.0	0.7760	0.7815	0.7870	0.7925	0.7980	0.8025	0.8070	0.8110	0.8150	0.8190	0.8230	0.8260	0.8290	0.8315	0.8340	0.8365	0.8390	0.8410	0.8430	0.8445	0.8460	0.8475	0.8490	0.8505	0.8520	0.8530	0.8540	0.8550	0.8560	0.8570	0.8580	0.8590	0.8600	0.8610	0.8620	0.8627	0.8634	0.8641	0.8648	0.8655	0.8662	0.8669	0.8676	0.8683	0.8690	0.8696	0.8702	0.8708	0.8714	0.8720	0.8726	0.8732	0.8738	0.8744	0.8750	0.8754	0.8758	0.8762	0.8766	0.8770	0.8774	0.8778	0.8782	0.8786	0.8790	0.8795	0.8800	0.8805	0.8810	0.8815	0.8820	0.8825	0.8830	0.8835	0.8840
8.5	0.7590	0.7648	0.7705	0.7763	0.7820	0.7870	0.7920	0.7955	0.7990	0.8030	0.8070	0.8100	0.8130	0.8165	0.8200	0.8220	0.8240	0.8265	0.8290	0.8305	0.8320	0.8340	0.8360	0.8375	0.8390	0.8400	0.8410	0.8420	0.8430	0.8445	0.8460	0.8470	0.8480	0.8490	0.8500	0.8508	0.8516	0.8524	0.8532	0.8540	0.8548	0.8556	0.8564	0.8572	0.8580	0.8586	0.8592	0.8598	0.8604	0.8610	0.8616	0.8622	0.8628	0.8634	0.8640	0.8645	0.8650	0.8655	0.8660	0.8665	0.8670	0.8675	0.8680	0.8685	0.8690	0.8694	0.8698	0.8702	0.8706	0.8710	0.8714	0.8718	0.8722	0.8726	0.8730
9.0	0.7410	0.7470	0.7530	0.7590	0.7650	0.7705	0.7760	0.7800	0.7840	0.7875	0.7910	0.7945	0.7980	0.8015	0.8050	0.8075	0.8100	0.8125	0.8150	0.8170	0.8190	0.8205	0.8220	0.8240	0.8260	0.8270	0.8280	0.8295	0.8310	0.8320	0.8330	0.8345	0.8360	0.8370	0.8380	0.8389	0.8398	0.8407	0.8416	0.8425	0.8434	0.8443	0.8452	0.8461	0.8470	0.8476	0.8482	0.8488	0.8494	0.8500	0.8506	0.8512	0.8518	0.8524	0.8530	0.8535	0.8540	0.8545	0.8550	0.8555	0.8560	0.8565	0.8570	0.8575	0.8580	0.8584	0.8588	0.8592	0.8596	0.8600	0.8604	0.8608	0.8612	0.8616	0.8620
9.5	0.7250	0.7310	0.7370	0.7430	0.7490	0.7545	0.7600	0.7640	0.7680	0.7725	0.7770	0.7805	0.7840	0.7875	0.7910	0.7935	0.7960	0.7990	0.8020	0.8035	0.8050	0.8070	0.8090	0.8110	0.8130	0.8145	0.8160	0.8170	0.8180	0.8195	0.8210	0.8220	0.8230	0.8245	0.8260	0.8270	0.8280	0.8290	0.8300	0.8310	0.8320	0.8330	0.8340	0.8350	0.8360	0.8366	0.8372	0.8378	0.8384	0.8390	0.8396	0.8402	0.8408	0.8414	0.8420	0.8425	0.8430	0.8435	0.8440	0.8445	0.8450	0.8455	0.8460	0.8465	0.8470	0.8475	0.8480	0.8485	0.8490	0.8495	0.8500	0.8505	0.8510	0.8515	0.8520
10.0	0.7080	0.7143	0.7205	0.7268	0.7330	0.7385	0.7440	0.7485	0.7530	0.7575	0.7620	0.7655	0.7690	0.7725	0.7760	0.7790	0.7820	0.7850	0.7880	0.7900	0.7920	0.7940	0.7960	0.7980	0.8000	0.8015	0.8030	0.8040	0.8050	0.8065	0.8080	0.8090	0.8100	0.8115	0.8130	0.8141	0.8152	0.8163	0.8174	0.8185	0.8196	0.8207	0.8218	0.8229	0.8240	0.8247	0.8254	0.8261	0.8268	0.8275	0.8282	0.8289	0.8296	0.8303	0.8310	0.8315	0.8320	0.8325	0.8330	0.8335	0.8340	0.8345	0.8350	0.8355	0.8360	0.8365	0.8370	0.8375	0.8380	0.8385	0.8390	0.8395	0.8400	0.8405	0.8410
10.5	0.6920	0.6985	0.7050	0.7115	0.7180	0.7235	0.7290	0.7335	0.7380	0.7425	0.7470	0.7510	0.7550	0.7585	0.7620	0.7650	0.7680	0.7710	0.7740	0.7760	0.7780	0.7805	0.7830	0.7850	0.7870	0.7885	0.7900	0.7915	0.7930	0.7940	0.7950	0.7965	0.7980	0.7995	0.8010	0.8021	0.8032	0.8043	0.8054	0.8065	0.8076	0.8087	0.8098	0.8109	0.8120	0.8128	0.8136	0.8144	0.8152	0.8160	0.8168	0.8176	0.8184	0.8192	0.8200	0.8205	0.8210	0.8215	0.8220	0.8225	0.8230	0.8235	0.8240	0.8245	0.8250	0.8256	0.8262	0.8268	0.8274	0.8280	0.8286	0.8292	0.8298	0.8304	0.8310
11.0	0.6750	0.6818	0.6885	0.6953	0.7020	0.7075	0.7130	0.7180	0.7230	0.7275	0.7320	0.7360	0.7400	0.7440	0.7480	0.7510	0.7540	0.7570	0.7600	0.7625	0.7650	0.7670	0.7690	0.7715	0.7740	0.7755	0.7770	0.7785	0.7800	0.7815	0.7830	0.7845	0.7860	0.7875	0.7890	0.7901	0.7912	0.7923	0.7934	0.7945	0.7956	0.7967	0.7978	0.7989	0.8000	0.8009	0.8018	0.8027	0.8036	0.8045	0.8054	0.8063	0.8072	0.8081	0.8090	0.8095	0.8100	0.8105	0.8110	0.8115	0.8120	0.8125	0.8130	0.8135	0.8140	0.8146	0.8152	0.8158	0.8164	0.8170	0.8176	0.8182	0.8188	0.8194	0.8200
11.5	0.6610	0.6675	0.6740	0.6805	0.6870	0.6925	0.6980	0.7030	0.7080	0.7130	0.7180	0.7220	0.7260	0.7300	0.7340	0.7370	0.7400	0.7435	0.7470	0.7490	0.7510	0.7535	0.7560	0.7585	0.7610	0.7625	0.7640	0.7655	0.7670	0.7690	0.7710	0.7725	0.7740	0.7755	0.7770	0.7782	0.7794	0.7806	0.7818	0.7830	0.7842	0.7854	0.7866	0.7878	0.7890	0.7899	0.7908	0.7917	0.7926	0.7935	0.7944	0.7953	0.7962	0.7971	0.7980	0.7985	0.7990	0.7995	0.8000	0.8005	0.8010	0.8015	0.8020	0.8025	0.8030	0.8036	0.8042	0.8048	0.8054	0.8060	0.8066	0.8072	0.8078	0.8084	0.8090
12.0	0.6460	0.6525	0.6590	0.6655	0.6720	0.6775	0.6830	0.6880	0.6930	0.6980	0.7030	0.7070	0.7110	0.7150	0.7190	0.7225	0.7260	0.7295	0.7330	0.7355	0.7380	0.7405	0.7430	0.7455	0.7480	0.7495	0.7510	0.7530	0.7550	0.7565	0.7580	0.7600	0.7620	0.7635	0.7650	0.7662	0.7674	0.7686	0.7698	0.7710	0.7722	0.7734	0.7746	0.7758	0.7770	0.7779	0.7788	0.7797	0.7806	0.7815	0.7824	0.7833	0.7842	0.7851	0.7860	0.7866	0.7872	0.7878	0.7884	0.7890	0.7896	0.7902	0.7908	0.7914	0.7920	0.7926	0.7932	0.7938	0.7944	0.7950	0.7956	0.7962	0.7968	0.7974	0.7980
12.5	0.6320	0.6383	0.6445	0.6508	0.6570	0.6630	0.6690	0.6740	0.6790	0.6840	0.6890	0.6930	0.6970	0.7010	0.7050	0.7085	0.7120	0.7160	0.7200	0.7225	0.7250	0.7275	0.7300	0.7325	0.7350	0.7370	0.7390	0.7405	0.7420	0.7440	0.7460	0.7475	0.7490	0.7510	0.7530	0.7543	0.7556	0.7569	0.7582	0.7595	0.7608	0.7621	0.7634	0.7647	0.7660	0.7669	0.7678	0.7687	0.7696	0.7705	0.7714	0.7723	0.7732	0.7741	0.7750	0.7756	0.7762	0.7768	0.7774	0.7780	0.7786	0.7792	0.7798	0.7804	0.7810	0.7817	0.7824	0.7831	0.7838	0.7845	0.7852	0.7859	0.7866	0.7873	0.7880
13.0	0.6170	0.6233	0.6295	0.6358	0.6420	0.6485	0.6550	0.6600	0.6650	0.6700	0.6750	0.6790	0.6830	0.6870	0.6910	0.6950	0.6990	0.7025	0.7060	0.7085	0.7110	0.7140	0.7170	0.7195	0.7220	0.7240	0.7260	0.7275	0.7290	0.7310	0.7330	0.7345	0.7360	0.7380	0.7400	0.7414	0.7428	0.7442	0.7456	0.7470	0.7484	0.7498	0.7512	0.7526	0.7540	0.7550	0.7560	0.7570	0.7580	0.7590	0.7600	0.7610	0.7620	0.7630	0.7640	0.7646	0.7652	0.7658	0.7664	0.7670	0.7676	0.7682	0.7688	0.7694	0.7700	0.7707	0.7714	0.7721	0.7728	0.7735	0.7742	0.7749	0.7756	0.7763	0.7770
13.5	0.6030	0.6093	0.6155	0.6218	0.6280	0.6345	0.6410	0.6460	0.6510	0.6560	0.6610	0.6655	0.6700	0.6740	0.6780	0.6820	0.6860	0.6895	0.6930	0.6955	0.6980	0.7010	0.7040	0.7065	0.7090	0.7110	0.7130	0.7150	0.7170	0.7185	0.7200	0.7220	0.7240	0.7260	0.7280	0.7295	0.7310	0.7325	0.7340	0.7355	0.7370	0.7385	0.7400	0.7415	0.7430	0.7440	0.7450	0.7460	0.7470	0.7480	0.7490	0.7500	0.7510	0.7520	0.7530	0.7537	0.7544	0.7551	0.7558	0.7565	0.7572	0.7579	0.7586	0.7593	0.7600	0.7607	0.7614	0.7621	0.7628	0.7635	0.7642	0.7649	0.7656	0.7663	0.7670
14.0	0.5890	0.5953	0.6015	0.6078	0.6140	0.6205	0.6270	0.6320	0.6370	0.6420	0.6470	0.6515	0.6560	0.6605	0.6650	0.6690	0.6730	0.6765	0.6800	0.6825	0.6850	0.6880	0.6910	0.6935	0.6960	0.6980	0.7000	0.7020	0.7040	0.7060	0.7080	0.7100	0.7120	0.7140	0.7160	0.7175	0.7190	0.7205	0.7220	0.7235	0.7250	0.7265	0.7280	0.7295	0.7310	0.7320	0.7330	0.7340	0.7350	0.7360	0.7370	0.7380	0.7390	0.7400	0.7410	0.7418	0.7426	0.7434	0.7442	0.7450	0.7458	0.7466	0.7474	0.7482	0.7490	0.7497	0.7504	0.7511	0.7518	0.7525	0.7532	0.7539	0.7546	0.7553	0.7560
14.5	0.5760	0.5823	0.5885	0.5948	0.6010	0.6075	0.6140	0.6190	0.6240	0.6290	0.6340	0.6385	0.6430	0.6475	0.6520	0.6555	0.6590	0.6630	0.6670	0.6700	0.6730	0.6755	0.6780	0.6810	0.6840	0.6860	0.6880	0.6900	0.6920	0.6940	0.6960	0.6980	0.7000	0.7020	0.7040	0.7056	0.7072	0.7088	0.7104	0.7120	0.7136	0.7152	0.7168	0.7184	0.7200	0.7210	0.7220	0.7230	0.7240	0.7250	0.7260	0.7270	0.7280	0.7290	0.7300	0.7308	0.7316	0.7324	0.7332	0.7340	0.7348	0.7356	0.7364	0.7372	0.7380	0.7387	0.7394	0.7401	0.7408	0.7415	0.7422	0.7429	0.7436	0.7443	0.7450
15.0	0.5630	0.5693	0.5755	0.5818	0.5880	0.5940	0.6000	0.6055	0.6110	0.6160	0.6210	0.6255	0.6300	0.6340	0.6380	0.6420	0.6460	0.6500	0.6540	0.6570	0.6600	0.6630	0.6660	0.6690	0.6720	0.6740	0.6760	0.6780	0.6800	0.6820	0.6840	0.6860	0.6880	0.6900	0.6920	0.6936	0.6952	0.6968	0.6984	0.7000	0.7016	0.7032	0.7048	0.7064	0.7080	0.7091	0.7102	0.7113	0.7124	0.7135	0.7146	0.7157	0.7168	0.7179	0.7190	0.7198	0.7206	0.7214	0.7222	0.7230	0.7238	0.7246	0.7254	0.7262	0.7270	0.7277	0.7284	0.7291	0.7298	0.7305	0.7312	0.7319	0.7326	0.7333	0.7340
15.5	0.5510	0.5570	0.5630	0.5690	0.5750	0.5815	0.5880	0.5930	0.5980	0.6030	0.6080	0.6125	0.6170	0.6215	0.6260	0.6300	0.6340	0.6380	0.6420	0.6450	0.6480	0.6510	0.6540	0.6570	0.6600	0.6620	0.6640	0.6660	0.6680	0.6705	0.6730	0.6750	0.6770	0.6790	0.6810	0.6826	0.6842	0.6858	0.6874	0.6890	0.6906	0.6922	0.6938	0.6954	0.6970	0.6982	0.6994	0.7006	0.7018	0.7030	0.7042	0.7054	0.7066	0.7078	0.7090	0.7098	0.7106	0.7114	0.7122	0.7130	0.7138	0.7146	0.7154	0.7162	0.7170	0.7177	0.7184	0.7191	0.7198	0.7205	0.7212	0.7219	0.7226	0.7233	0.7240
16.0	0.5390	0.5448	0.5505	0.5563	0.5620	0.5685	0.5750	0.5800	0.5850	0.5900	0.5950	0.6000	0.6050	0.6095	0.6140	0.6180	0.6220	0.6260	0.6300	0.6330	0.6360	0.6390	0.6420	0.6450	0.6480	0.6500	0.6520	0.6545	0.6570	0.6590	0.6610	0.6635	0.6660	0.6680	0.6700	0.6716	0.6732	0.6748	0.6764	0.6780	0.6796	0.6812	0.6828	0.6844	0.6860	0.6872	0.6884	0.6896	0.6908	0.6920	0.6932	0.6944	0.6956	0.6968	0.6980	0.6988	0.6996	0.7004	0.7012	0.7020	0.7028	0.7036	0.7044	0.7052	0.7060	0.7068	0.7076	0.7084	0.7092	0.7100	0.7108	0.7116	0.7124	0.7132	0.7140
16.5	0.5270	0.5328	0.5385	0.5443	0.5500	0.5565	0.5630	0.5680	0.5730	0.5780	0.5830	0.5875	0.5920	0.5970	0.6020	0.6060	0.6100	0.6140	0.6180	0.6210	0.6240	0.6270	0.6300	0.6330	0.6360	0.6380	0.6400	0.6425	0.6450	0.6470	0.6490	0.6515	0.6540	0.6560	0.6580	0.6597	0.6614	0.6631	0.6648	0.6665	0.6682	0.6699	0.6716	0.6733	0.6750	0.6762	0.6774	0.6786	0.6798	0.6810	0.6822	0.6834	0.6846	0.6858	0.6870	0.6879	0.6888	0.6897	0.6906	0.6915	0.6924	0.6933	0.6942	0.6951	0.6960	0.6968	0.6976	0.6984	0.6992	0.7000	0.7008	0.7016	0.7024	0.7032	0.7040
17.0	0.5150	0.5208	0.5265	0.5323	0.5380	0.5440	0.5500	0.5555	0.5610	0.5660	0.5710	0.5755	0.5800	0.5845	0.5890	0.5930	0.5970	0.6010	0.6050	0.6080	0.6110	0.6145	0.6180	0.6210	0.6240	0.6260	0.6280	0.6305	0.6330	0.6350	0.6370	0.6395	0.6420	0.6440	0.6460	0.6478	0.6496	0.6514	0.6532	0.6550	0.6568	0.6586	0.6604	0.6622	0.6640	0.6652	0.6664	0.6676	0.6688	0.6700	0.6712	0.6724	0.6736	0.6748	0.6760	0.6769	0.6778	0.6787	0.6796	0.6805	0.6814	0.6823	0.6832	0.6841	0.6850	0.6859	0.6868	0.6877	0.6886	0.6895	0.6904	0.6913	0.6922	0.6931	0.6940
17.5	0.5040	0.5098	0.5155	0.5213	0.5270	0.5330	0.5390	0.5440	0.5490	0.5540	0.5590	0.5635	0.5680	0.5730	0.5780	0.5820	0.5860	0.5900	0.5940	0.5970	0.6000	0.6030	0.6060	0.6095	0.6130	0.6150	0.6170	0.6195	0.6220	0.6240	0.6260	0.6285	0.6310	0.6330	0.6350	0.6368	0.6386	0.6404	0.6422	0.6440	0.6458	0.6476	0.6494	0.6512	0.6530	0.6543	0.6556	0.6569	0.6582	0.6595	0.6608	0.6621	0.6634	0.6647	0.6660	0.6669	0.6678	0.6687	0.6696	0.6705	0.6714	0.6723	0.6732	0.6741	0.6750	0.6759	0.6768	0.6777	0.6786	0.6795	0.6804	0.6813	0.6822	0.6831	0.6840
18.0	0.4920	0.4978	0.5035	0.5093	0.5150	0.5210	0.5270	0.5320	0.5370	0.5420	0.5470	0.5520	0.5570	0.5615	0.5660	0.5700	0.5740	0.5780	0.5820	0.5850	0.5880	0.5915	0.5950	0.5980	0.6010	0.6035	0.6060	0.6080	0.6100	0.6125	0.6150	0.6170	0.6190	0.6215	0.6240	0.6258	0.6276	0.6294	0.6312	0.6330	0.6348	0.6366	0.6384	0.6402	0.6420	0.6433	0.6446	0.6459	0.6472	0.6485	0.6498	0.6511	0.6524	0.6537	0.6550	0.6559	0.6568	0.6577	0.6586	0.6595	0.6604	0.6613	0.6622	0.6631	0.6640	0.6649	0.6658	0.6667	0.6676	0.6685	0.6694	0.6703	0.6712	0.6721	0.6730
18.5	0.4810	0.4868	0.4925	0.4983	0.5040	0.5100	0.5160	0.5210	0.5260	0.5310	0.5360	0.5405	0.5450	0.5500	0.5550	0.5590	0.5630	0.5670	0.5710	0.5740	0.5770	0.5800	0.5830	0.5865	0.5900	0.5920	0.5940	0.5965	0.5990	0.6015	0.6040	0.6060	0.6080	0.6105	0.6130	0.6149	0.6168	0.6187	0.6206	0.6225	0.6244	0.6263	0.6282	0.6301	0.6320	0.6333	0.6346	0.6359	0.6372	0.6385	0.6398	0.6411	0.6424	0.6437	0.6450	0.6459	0.6468	0.6477	0.6486	0.6495	0.6504	0.6513	0.6522	0.6531	0.6540	0.6549	0.6558	0.6567	0.6576	0.6585	0.6594	0.6603	0.6612	0.6621	0.6630
19.0	0.4700	0.4755	0.4810	0.4865	0.4920	0.4980	0.5040	0.5090	0.5140	0.5190	0.5240	0.5290	0.5340	0.5385	0.5430	0.5470	0.5510	0.5550	0.5590	0.5620	0.5650	0.5685	0.5720	0.5750	0.5780	0.5805	0.5830	0.5855	0.5880	0.5900	0.5920	0.5945	0.5970	0.5995	0.6020	0.6039	0.6058	0.6077	0.6096	0.6115	0.6134	0.6153	0.6172	0.6191	0.6210	0.6224	0.6238	0.6252	0.6266	0.6280	0.6294	0.6308	0.6322	0.6336	0.6350	0.6358	0.6366	0.6374	0.6382	0.6390	0.6398	0.6406	0.6414	0.6422	0.6430	0.6439	0.6448	0.6457	0.6466	0.6475	0.6484	0.6493	0.6502	0.6511	0.6520
19.5	0.4600	0.4655	0.4710	0.4765	0.4820	0.4880	0.4940	0.4990	0.5040	0.5090	0.5140	0.5185	0.5230	0.5275	0.5320	0.5360	0.5400	0.5440	0.5480	0.5515	0.5550	0.5580	0.5610	0.5645	0.5680	0.5700	0.5720	0.5745	0.5770	0.5795	0.5820	0.5845	0.5870	0.5895	0.5920	0.5939	0.5958	0.5977	0.5996	0.6015	0.6034	0.6053	0.6072	0.6091	0.6110	0.6123	0.6136	0.6149	0.6162	0.6175	0.6188	0.6201	0.6214	0.6227	0.6240	0.6249	0.6258	0.6267	0.6276	0.6285	0.6294	0.6303	0.6312	0.6321	0.6330	0.6339	0.6348	0.6357	0.6366	0.6375	0.6384	0.6393	0.6402	0.6411	0.6420
20.0	0.4490	0.4545	0.4600	0.4655	0.4710	0.4770	0.4830	0.4880	0.4930	0.4980	0.5030	0.5075	0.5120	0.5165	0.5210	0.5250	0.5290	0.5330	0.5370	0.5405	0.5440	0.5470	0.5500	0.5535	0.5570	0.5595	0.5620	0.5645	0.5670	0.5690	0.5710	0.5735	0.5760	0.5785	0.5810	0.5829	0.5848	0.5867	0.5886	0.5905	0.5924	0.5943	0.5962	0.5981	0.6000	0.6013	0.6026	0.6039	0.6052	0.6065	0.6078	0.6091	0.6104	0.6117	0.6130	0.6140	0.6150	0.6160	0.6170	0.6180	0.6190	0.6200	0.6210	0.6220	0.6230	0.6239	0.6248	0.6257	0.6266	0.6275	0.6284	0.6293	0.6302	0.6311	0.6320
20.5	0.4400	0.4453	0.4505	0.4558	0.4610	0.4665	0.4720	0.4770	0.4820	0.4870	0.4920	0.4965	0.5010	0.5055	0.5100	0.5140	0.5180	0.5220	0.5260	0.5295	0.5330	0.5360	0.5390	0.5425	0.5460	0.5485	0.5510	0.5535	0.5560	0.5580	0.5600	0.5625	0.5650	0.5675	0.5700	0.5720	0.5740	0.5760	0.5780	0.5800	0.5820	0.5840	0.5860	0.5880	0.5900	0.5914	0.5928	0.5942	0.5956	0.5970	0.5984	0.5998	0.6012	0.6026	0.6040	0.6049	0.6058	0.6067	0.6076	0.6085	0.6094	0.6103	0.6112	0.6121	0.6130	0.6139	0.6148	0.6157	0.6166	0.6175	0.6184	0.6193	0.6202	0.6211	0.6220
21	0.4300	0.4350	0.4400	0.4450	0.4500	0.4555	0.4610	0.4660	0.4710	0.4760	0.4810	0.4855	0.4900	0.4945	0.4990	0.5030	0.5070	0.5110	0.5150	0.5185	0.5220	0.5250	0.5280	0.5315	0.5350	0.5375	0.5400	0.5425	0.5450	0.5470	0.5490	0.5515	0.5540	0.5565	0.5590	0.5610	0.5630	0.5650	0.5670	0.5690	0.5710	0.5730	0.5750	0.5770	0.5790	0.5805	0.5820	0.5835	0.5850	0.5865	0.5880	0.5895	0.5910	0.5925	0.5940	0.5949	0.5958	0.5967	0.5976	0.5985	0.5994	0.6003	0.6012	0.6021	0.6030	0.6039	0.6048	0.6057	0.6066	0.6075	0.6084	0.6093	0.6102	0.6111	0.6120
21.5	0.4200	0.4250	0.4300	0.4350	0.4400	0.4455	0.4510	0.4560	0.4610	0.4660	0.4710	0.4755	0.4800	0.4845	0.4890	0.4930	0.4970	0.5010	0.5050	0.5080	0.5110	0.5145	0.5180	0.5215	0.5250	0.5275	0.5300	0.5325	0.5350	0.5375	0.5400	0.5425	0.5450	0.5475	0.5500	0.5519	0.5538	0.5557	0.5576	0.5595	0.5614	0.5633	0.5652	0.5671	0.5690	0.5705	0.5720	0.5735	0.5750	0.5765	0.5780	0.5795	0.5810	0.5825	0.5840	0.5849	0.5858	0.5867	0.5876	0.5885	0.5894	0.5903	0.5912	0.5921	0.5930	0.5940	0.5950	0.5960	0.5970	0.5980	0.5990	0.6000	0.6010	0.6020	0.6030
22	0.4100	0.4150	0.4200	0.4250	0.4300	0.4355	0.4410	0.4460	0.4510	0.4560	0.4610	0.4655	0.4700	0.4745	0.4790	0.4830	0.4870	0.4905	0.4940	0.4975	0.5010	0.5040	0.5070	0.5105	0.5140	0.5165	0.5190	0.5215	0.5240	0.5270	0.5300	0.5325	0.5350	0.5375	0.5400	0.5419	0.5438	0.5457	0.5476	0.5495	0.5514	0.5533	0.5552	0.5571	0.5590	0.5604	0.5618	0.5632	0.5646	0.5660	0.5674	0.5688	0.5702	0.5716	0.5730	0.5740	0.5750	0.5760	0.5770	0.5780	0.5790	0.5800	0.5810	0.5820	0.5830	0.5841	0.5852	0.5863	0.5874	0.5885	0.5896	0.5907	0.5918	0.5929	0.5940
22.5	0.4020	0.4068	0.4115	0.4163	0.4210	0.4265	0.4320	0.4365	0.4410	0.4460	0.4510	0.4555	0.4600	0.4645	0.4690	0.4730	0.4770	0.4805	0.4840	0.4875	0.4910	0.4940	0.4970	0.5005	0.5040	0.5065	0.5090	0.5115	0.5140	0.5170	0.5200	0.5225	0.5250	0.5275	0.5300	0.5319	0.5338	0.5357	0.5376	0.5395	0.5414	0.5433	0.5452	0.5471	0.5490	0.5505	0.5520	0.5535	0.5550	0.5565	0.5580	0.5595	0.5610	0.5625	0.5640	0.5650	0.5660	0.5670	0.5680	0.5690	0.5700	0.5710	0.5720	0.5730	0.5740	0.5750	0.5760	0.5770	0.5780	0.5790	0.5800	0.5810	0.5820	0.5830	0.5840
23.0	0.3930	0.3975	0.4020	0.4065	0.4110	0.4165	0.4220	0.4270	0.4320	0.4365	0.4410	0.4455	0.4500	0.4545	0.4590	0.4630	0.4670	0.4705	0.4740	0.4775	0.4810	0.4840	0.4870	0.4905	0.4940	0.4965	0.4990	0.5015	0.5040	0.5070	0.5100	0.5125	0.5150	0.5175	0.5200	0.5219	0.5238	0.5257	0.5276	0.5295	0.5314	0.5333	0.5352	0.5371	0.5390	0.5405	0.5420	0.5435	0.5450	0.5465	0.5480	0.5495	0.5510	0.5525	0.5540	0.5550	0.5560	0.5570	0.5580	0.5590	0.5600	0.5610	0.5620	0.5630	0.5640	0.5650	0.5660	0.5670	0.5680	0.5690	0.5700	0.5710	0.5720	0.5730	0.5740
23.5	0.3840	0.3888	0.3935	0.3983	0.4030	0.4080	0.4130	0.4180	0.4230	0.4275	0.4320	0.4365	0.4410	0.4455	0.4500	0.4535	0.4570	0.4610	0.4650	0.4680	0.4710	0.4745	0.4780	0.4815	0.4850	0.4875	0.4900	0.4925	0.4950	0.4975	0.5000	0.5025	0.5050	0.5075	0.5100	0.5120	0.5140	0.5160	0.5180	0.5200	0.5220	0.5240	0.5260	0.5280	0.5300	0.5315	0.5330	0.5345	0.5360	0.5375	0.5390	0.5405	0.5420	0.5435	0.5450	0.5460	0.5470	0.5480	0.5490	0.5500	0.5510	0.5520	0.5530	0.5540	0.5550	0.5560	0.5570	0.5580	0.5590	0.5600	0.5610	0.5620	0.5630	0.5640	0.5650
24	0.3750	0.3798	0.3845	0.3893	0.3940	0.3990	0.4040	0.4090	0.4140	0.4185	0.4230	0.4275	0.4320	0.4360	0.4400	0.4440	0.4480	0.4515	0.4550	0.4585	0.4620	0.4655	0.4690	0.4725	0.4760	0.4785	0.4810	0.4835	0.4860	0.4880	0.4900	0.4925	0.4950	0.4975	0.5000	0.5021	0.5042	0.5063	0.5084	0.5105	0.5126	0.5147	0.5168	0.5189	0.5210	0.5224	0.5238	0.5252	0.5266	0.5280	0.5294	0.5308	0.5322	0.5336	0.5350	0.5360	0.5370	0.5380	0.5390	0.5400	0.5410	0.5420	0.5430	0.5440	0.5450	0.5460	0.5470	0.5480	0.5490	0.5500	0.5510	0.5520	0.5530	0.5540	0.5550
24.5	0.3680	0.3723	0.3765	0.3808	0.3850	0.3900	0.3950	0.4000	0.4050	0.4095	0.4140	0.4185	0.4230	0.4270	0.4310	0.4350	0.4390	0.4425	0.4460	0.4495	0.4530	0.4560	0.4590	0.4625	0.4660	0.4685	0.4710	0.4735	0.4760	0.4785	0.4810	0.4835	0.4860	0.4885	0.4910	0.4931	0.4952	0.4973	0.4994	0.5015	0.5036	0.5057	0.5078	0.5099	0.5120	0.5134	0.5148	0.5162	0.5176	0.5190	0.5204	0.5218	0.5232	0.5246	0.5260	0.5270	0.5280	0.5290	0.5300	0.5310	0.5320	0.5330	0.5340	0.5350	0.5360	0.5371	0.5382	0.5393	0.5404	0.5415	0.5426	0.5437	0.5448	0.5459	0.5470
25	0.3600	0.3640	0.3680	0.3720	0.3760	0.3810	0.3860	0.3910	0.3960	0.4005	0.4050	0.4095	0.4140	0.4180	0.4220	0.4260	0.4300	0.4335	0.4370	0.4400	0.4430	0.4465	0.4500	0.4530	0.4560	0.4585	0.4610	0.4635	0.4660	0.4685	0.4710	0.4735	0.4760	0.4785	0.4810	0.4831	0.4852	0.4873	0.4894	0.4915	0.4936	0.4957	0.4978	0.4999	0.5020	0.5034	0.5048	0.5062	0.5076	0.5090	0.5104	0.5118	0.5132	0.5146	0.5160	0.5171	0.5182	0.5193	0.5204	0.5215	0.5226	0.5237	0.5248	0.5259	0.5270	0.5281	0.5292	0.5303	0.5314	0.5325	0.5336	0.5347	0.5358	0.5369	0.5380
25.5	0.3510	0.3553	0.3595	0.3638	0.3680	0.3730	0.3780	0.3825	0.3870	0.3920	0.3970	0.4010	0.4050	0.4090	0.4130	0.4170	0.4210	0.4245	0.4280	0.4315	0.4350	0.4380	0.4410	0.4445	0.4480	0.4505	0.4530	0.4555	0.4580	0.4605	0.4630	0.4655	0.4680	0.4705	0.4730	0.4750	0.4770	0.4790	0.4810	0.4830	0.4850	0.4870	0.4890	0.4910	0.4930	0.4944	0.4958	0.4972	0.4986	0.5000	0.5014	0.5028	0.5042	0.5056	0.5070	0.5081	0.5092	0.5103	0.5114	0.5125	0.5136	0.5147	0.5158	0.5169	0.5180	0.5191	0.5202	0.5213	0.5224	0.5235	0.5246	0.5257	0.5268	0.5279	0.5290
26.0	0.3420	0.3465	0.3510	0.3555	0.3600	0.3650	0.3700	0.3745	0.3790	0.3835	0.3880	0.3920	0.3960	0.4000	0.4040	0.4080	0.4120	0.4155	0.4190	0.4225	0.4260	0.4290	0.4320	0.4355	0.4390	0.4415	0.4440	0.4465	0.4490	0.4515	0.4540	0.4565	0.4590	0.4615	0.4640	0.4660	0.4680	0.4700	0.4720	0.4740	0.4760	0.4780	0.4800	0.4820	0.4840	0.4854	0.4868	0.4882	0.4896	0.4910	0.4924	0.4938	0.4952	0.4966	0.4980	0.4991	0.5002	0.5013	0.5024	0.5035	0.5046	0.5057	0.5068	0.5079	0.5090	0.5100	0.5110	0.5120	0.5130	0.5140	0.5150	0.5160	0.5170	0.5180	0.5190
26.5	0.3350	0.3395	0.3440	0.3485	0.3530	0.3575	0.3620	0.3665	0.3710	0.3755	0.3800	0.3840	0.3880	0.3920	0.3960	0.3995	0.4030	0.4070	0.4110	0.4140	0.4170	0.4205	0.4240	0.4270	0.4300	0.4325	0.4350	0.4375	0.4400	0.4425	0.4450	0.4475	0.4500	0.4525	0.4550	0.4570	0.4590	0.4610	0.4630	0.4650	0.4670	0.4690	0.4710	0.4730	0.4750	0.4764	0.4778	0.4792	0.4806	0.4820	0.4834	0.4848	0.4862	0.4876	0.4890	0.4901	0.4912	0.4923	0.4934	0.4945	0.4956	0.4967	0.4978	0.4989	0.5000	0.5011	0.5022	0.5033	0.5044	0.5055	0.5066	0.5077	0.5088	0.5099	0.5110
27	0.3280	0.3323	0.3365	0.3408	0.3450	0.3495	0.3540	0.3585	0.3630	0.3670	0.3710	0.3750	0.3790	0.3830	0.3870	0.3910	0.3950	0.3985	0.4020	0.4050	0.4080	0.4115	0.4150	0.4180	0.4210	0.4235	0.4260	0.4285	0.4310	0.4335	0.4360	0.4385	0.4410	0.4435	0.4460	0.4480	0.4500	0.4520	0.4540	0.4560	0.4580	0.4600	0.4620	0.4640	0.4660	0.4674	0.4688	0.4702	0.4716	0.4730	0.4744	0.4758	0.4772	0.4786	0.4800	0.4811	0.4822	0.4833	0.4844	0.4855	0.4866	0.4877	0.4888	0.4899	0.4910	0.4921	0.4932	0.4943	0.4954	0.4965	0.4976	0.4987	0.4998	0.5009	0.5020
27.5	0.3210	0.3250	0.3290	0.3330	0.3370	0.3415	0.3460	0.3505	0.3550	0.3590	0.3630	0.3670	0.3710	0.3750	0.3790	0.3825	0.3860	0.3900	0.3940	0.3970	0.4000	0.4030	0.4060	0.4095	0.4130	0.4155	0.4180	0.4205	0.4230	0.4255	0.4280	0.4305	0.4330	0.4355	0.4380	0.4400	0.4420	0.4440	0.4460	0.4480	0.4500	0.4520	0.4540	0.4560	0.4580	0.4594	0.4608	0.4622	0.4636	0.4650	0.4664	0.4678	0.4692	0.4706	0.4720	0.4731	0.4742	0.4753	0.4764	0.4775	0.4786	0.4797	0.4808	0.4819	0.4830	0.4841	0.4852	0.4863	0.4874	0.4885	0.4896	0.4907	0.4918	0.4929	0.4940
28	0.3140	0.3178	0.3215	0.3253	0.3290	0.3335	0.3380	0.3425	0.3470	0.3510	0.3550	0.3590	0.3630	0.3670	0.3710	0.3745	0.3780	0.3815	0.3850	0.3880	0.3910	0.3945	0.3980	0.4010	0.4040	0.4065	0.4090	0.4115	0.4140	0.4165	0.4190	0.4215	0.4240	0.4265	0.4290	0.4310	0.4330	0.4350	0.4370	0.4390	0.4410	0.4430	0.4450	0.4470	0.4490	0.4504	0.4518	0.4532	0.4546	0.4560	0.4574	0.4588	0.4602	0.4616	0.4630	0.4641	0.4652	0.4663	0.4674	0.4685	0.4696	0.4707	0.4718	0.4729	0.4740	0.4751	0.4762	0.4773	0.4784	0.4795	0.4806	0.4817	0.4828	0.4839	0.4850
28.5	0.3070	0.3108	0.3145	0.3183	0.3220	0.3265	0.3310	0.3350	0.3390	0.3435	0.3480	0.3515	0.3550	0.3590	0.3630	0.3665	0.3700	0.3735	0.3770	0.3800	0.3830	0.3865	0.3900	0.3930	0.3960	0.3985	0.4010	0.4035	0.4060	0.4085	0.4110	0.4135	0.4160	0.4185	0.4210	0.4230	0.4250	0.4270	0.4290	0.4310	0.4330	0.4350	0.4370	0.4390	0.4410	0.4424	0.4438	0.4452	0.4466	0.4480	0.4494	0.4508	0.4522	0.4536	0.4550	0.4561	0.4572	0.4583	0.4594	0.4605	0.4616	0.4627	0.4638	0.4649	0.4660	0.4671	0.4682	0.4693	0.4704	0.4715	0.4726	0.4737	0.4748	0.4759	0.4770
29.0	0.3000	0.3038	0.3075	0.3113	0.3150	0.3190	0.3230	0.3275	0.3320	0.3360	0.3400	0.3440	0.3480	0.3515	0.3550	0.3585	0.3620	0.3655	0.3690	0.3720	0.3750	0.3785	0.3820	0.3850	0.3880	0.3905	0.3930	0.3955	0.3980	0.4000	0.4020	0.4045	0.4070	0.4095	0.4120	0.4140	0.4160	0.4180	0.4200	0.4220	0.4240	0.4260	0.4280	0.4300	0.4320	0.4334	0.4348	0.4362	0.4376	0.4390	0.4404	0.4418	0.4432	0.4446	0.4460	0.4471	0.4482	0.4493	0.4504	0.4515	0.4526	0.4537	0.4548	0.4559	0.4570	0.4581	0.4592	0.4603	0.4614	0.4625	0.4636	0.4647	0.4658	0.4669	0.4680
29.5000	0.2930	0.2968	0.3005	0.3043	0.3080	0.3120	0.3160	0.3200	0.3240	0.3280	0.3320	0.3360	0.3400	0.3435	0.3470	0.3505	0.3540	0.3575	0.3610	0.3640	0.3670	0.3700	0.3730	0.3765	0.3800	0.3820	0.3840	0.3865	0.3890	0.3915	0.3940	0.3965	0.3990	0.4015	0.4040	0.4059	0.4078	0.4097	0.4116	0.4135	0.4154	0.4173	0.4192	0.4211	0.4230	0.4245	0.4260	0.4275	0.4290	0.4305	0.4320	0.4335	0.4350	0.4365	0.4380	0.4391	0.4402	0.4413	0.4424	0.4435	0.4446	0.4457	0.4468	0.4479	0.4490	0.4501	0.4512	0.4523	0.4534	0.4545	0.4556	0.4567	0.4578	0.4589	0.4600
30.0000	0.2860	0.2895	0.2930	0.2965	0.3000	0.3045	0.3090	0.3130	0.3170	0.3205	0.3240	0.3280	0.3320	0.3355	0.3390	0.3425	0.3460	0.3495	0.3530	0.3560	0.3590	0.3620	0.3650	0.3680	0.3710	0.3735	0.3760	0.3785	0.3810	0.3830	0.3850	0.3875	0.3900	0.3925	0.3950	0.3969	0.3988	0.4007	0.4026	0.4045	0.4064	0.4083	0.4102	0.4121	0.4140	0.4155	0.4170	0.4185	0.4200	0.4215	0.4230	0.4245	0.4260	0.4275	0.4290	0.4301	0.4312	0.4323	0.4334	0.4345	0.4356	0.4367	0.4378	0.4389	0.4400	0.4411	0.4422	0.4433	0.4444	0.4455	0.4466	0.4477	0.4488	0.4499	0.4510